0 0.16796875 0.084375 0.0796875 0.13203125
0 0.27734375 0.15234375 0.11953125 0.16484375
0 0.278125 0.03515625 0.125 0.06640625
0 0.28046875 0.284375 0.13203125 0.13359375
0 0.34140625 0.38828125 0.08671875 0.14921875
0 0.240625 0.528125 0.06640625 0.23828125
0 0.1671875 0.48984375 0.0953125 0.13359375
0 0.07578125 0.540625 0.11484375 0.14375
0 0.1640625 0.65703125 0.0953125 0.19140625
0 0.134375 0.8109375 0.11484375 0.090625
0 0.040625 0.81328125 0.08125 0.20859375
0 0.15703125 0.925 0.140625 0.128125
0 0.21484375 0.80390625 0.08515625 0.11640625
0 0.26875 0.77109375 0.06796875 0.1390625
0 0.2671875 0.91796875 0.11328125 0.13515625
0 0.36015625 0.89453125 0.13515625 0.14375
0 0.3609375 0.7390625 0.06796875 0.21484375
0 0.4421875 0.77265625 0.08984375 0.2046875
0 0.3109375 0.57890625 0.08203125 0.203125
0 0.37421875 0.56015625 0.08125 0.19453125
0 0.4609375 0.6109375 0.11796875 0.1421875
0 0.42734375 0.48828125 0.05390625 0.121875
0 0.54296875 0.53828125 0.08515625 0.13359375
0 0.48125 0.30859375 0.06796875 0.153125
0 0.42265625 0.2953125 0.046875 0.15625
0 0.471875 0.17890625 0.121875 0.11328125
0 0.48046875 0.075 0.08515625 0.121875
0 0.64140625 0.1546875 0.08125 0.13046875
0 0.5828125 0.25546875 0.07265625 0.10234375
0 0.57890625 0.35390625 0.07265625 0.08203125
0 0.6359375 0.37890625 0.0609375 0.13203125
0 0.71953125 0.35703125 0.075 0.14375
0 0.65234375 0.4796875 0.12890625 0.07265625
0 0.7546875 0.53984375 0.0609375 0.121875
0 0.81015625 0.51953125 0.06640625 0.215625
0 0.8234375 0.759375 0.08359375 0.175
0 0.9390625 0.90625 0.121875 0.1734375
0 0.80546875 0.94765625 0.1453125 0.1046875
0 0.96484375 0.72890625 0.0703125 0.1046875
0 0.93359375 0.621875 0.1328125 0.125
0 0.95546875 0.4671875 0.0890625 0.203125
0 0.87109375 0.5015625 0.08515625 0.13046875
0 0.9 0.3171875 0.08984375 0.13203125
0 0.9734375 0.33203125 0.053125 0.1484375
0 0.91328125 0.21015625 0.1390625 0.1078125
0 0.79609375 0.35078125 0.075 0.11953125
0 0.76953125 0.2203125 0.0921875 0.15078125
0 0.67890625 0.28671875 0.0765625 0.121875
0 0.7453125 0.1078125 0.1546875 0.09921875
0 0.6921875 0.04296875 0.1 0.0859375