0 0.64140625 0.92109375 0.0953125 0.1578125
0 0.12421875 0.8890625 0.09765625 0.21875
0 0.16015625 0.6453125 0.08984375 0.20859375
0 0.27265625 0.625 0.1078125 0.128125
0 0.2609375 0.47109375 0.08671875 0.171875
0 0.07734375 0.42734375 0.078125 0.1078125
0 0.05234375 0.29296875 0.07421875 0.1578125
0 0.0234375 0.37109375 0.046875 0.17578125
0 0.1046875 0.27421875 0.0953125 0.096875
0 0.1796875 0.284375 0.06953125 0.21328125
0 0.23046875 0.23828125 0.0453125 0.190625
0 0.28046875 0.19140625 0.046875 0.14609375
0 0.17578125 0.14609375 0.05234375 0.07421875
0 0.2421875 0.08515625 0.08984375 0.090625
0 0.18125 0.04375 0.10390625 0.0765625
0 0.41484375 0.12421875 0.05703125 0.14921875
0 0.34140625 0.153125 0.05234375 0.11328125
0 0.3734375 0.18828125 0.0484375 0.13203125
0 0.3625 0.29765625 0.08828125 0.2
0 0.4828125 0.25078125 0.0484375 0.1578125
0 0.52734375 0.303125 0.06640625 0.10390625
0 0.58828125 0.33359375 0.090625 0.10546875
0 0.4203125 0.44453125 0.05390625 0.16171875
0 0.5140625 0.55390625 0.08203125 0.21875
0 0.634375 0.57421875 0.11484375 0.13046875
0 0.85625 0.66953125 0.128125 0.1578125
0 0.95 0.796875 0.1 0.178125
0 0.728125 0.45859375 0.1125 0.121875
0 0.8734375 0.49609375 0.0765625 0.13359375
0 0.92109375 0.41640625 0.08125 0.13359375
0 0.91171875 0.33203125 0.090625 0.140625
0 0.82734375 0.3703125 0.05859375 0.15234375
0 0.834375 0.24453125 0.0640625 0.125
0 0.74921875 0.24296875 0.08984375 0.16796875
0 0.5296875 0.15234375 0.0796875 0.159375
0 0.6890625 0.1421875 0.059375 0.11953125
0 0.54609375 0.05 0.0671875 0.1
0 0.62890625 0.06328125 0.10390625 0.11796875
0 0.7125 0.0421875 0.05859375 0.08359375
0 0.753125 0.075 0.05625 0.15
0 0.78828125 0.0953125 0.059375 0.10546875
0 0.83125 0.11328125 0.07109375 0.121875
0 0.88515625 0.16796875 0.0453125 0.12890625
0 0.95703125 0.203125 0.05 0.121875
0 0.9359375 0.09765625 0.07109375 0.10234375
0 0.903125 0.06640625 0.06796875 0.078125