0 0.090625 0.45859375 0.11328125 0.26953125
0 0.321875 0.24140625 0.078125 0.20703125
0 0.3203125 0.4609375 0.10625 0.21484375
0 0.296875 0.7671875 0.1109375 0.19921875
0 0.23671875 0.88671875 0.09765625 0.221875
0 0.3375 0.93125 0.10625 0.1375
0 0.62265625 0.921875 0.1265625 0.15625
0 0.53515625 0.653125 0.11796875 0.2328125
0 0.52734375 0.44921875 0.11953125 0.2
0 0.5609375 0.228125 0.11953125 0.0953125
0 0.61796875 0.2734375 0.1109375 0.109375
0 0.64609375 0.38671875 0.096875 0.15625
0 0.70390625 0.3984375 0.11484375 0.10390625
0 0.69453125 0.50859375 0.10546875 0.09921875
0 0.64921875 0.6625 0.08828125 0.23125
0 0.73828125 0.76015625 0.10078125 0.15078125
0 0.9578125 0.52109375 0.078125 0.1703125
0 0.8859375 0.51875 0.0640625 0.22421875
0 0.815625 0.49296875 0.08828125 0.14765625
0 0.809375 0.31171875 0.10234375 0.16328125
0 0.86015625 0.17421875 0.09765625 0.12890625
0 0.64453125 0.08515625 0.13046875 0.15078125
0 0.85234375 0.8015625 0.11953125 0.20625
0 0.928125 0.775 0.0640625 0.22265625
0 0.9671875 0.82890625 0.0625 0.2796875
0 0.9703125 0.2015625 0.059375 0.14765625