0 0.909375 0.45859375 0.11328125 0.26953125
0 0.67421875 0.24140625 0.078125 0.20703125
0 0.65546875 0.446875 0.10625 0.21484375
0 0.703125 0.7671875 0.1109375 0.19921875
0 0.76328125 0.88671875 0.09765625 0.221875
0 0.6625 0.93125 0.10625 0.1375
0 0.37734375 0.921875 0.1265625 0.15625
0 0.46484375 0.653125 0.11796875 0.2328125
0 0.47265625 0.44921875 0.11953125 0.2
0 0.4390625 0.228125 0.11953125 0.0953125
0 0.38203125 0.2734375 0.1109375 0.109375
0 0.35390625 0.38671875 0.096875 0.15625
0 0.29609375 0.3984375 0.11484375 0.10390625
0 0.30546875 0.50859375 0.10546875 0.09921875
0 0.35078125 0.6625 0.08828125 0.23125
0 0.26171875 0.76015625 0.10078125 0.15078125
0 0.0421875 0.52109375 0.078125 0.1703125
0 0.1140625 0.51875 0.0640625 0.22421875
0 0.184375 0.49296875 0.08828125 0.14765625
0 0.1890625 0.3203125 0.10234375 0.16328125
0 0.13984375 0.1796875 0.09765625 0.12890625
0 0.32890625 0.075 0.1296875 0.15
0 0.14765625 0.8015625 0.11953125 0.20625
0 0.071875 0.775 0.0640625 0.22265625
0 0.0328125 0.82890625 0.0625 0.2796875
0 0.03125 0.21171875 0.0625 0.1203125