0 0.85546875 0.75390625 0.1265625 0.159375
0 0.71328125 0.778125 0.10234375 0.159375
0 0.2890625 0.73515625 0.0921875 0.16875
0 0.13359375 0.796875 0.11953125 0.1421875
0 0.04453125 0.925 0.0890625 0.15
0 0.46484375 0.5890625 0.090625 0.18359375
0 0.3546875 0.70078125 0.109375 0.1265625
0 0.54453125 0.51640625 0.06953125 0.16328125
0 0.64375 0.50078125 0.08203125 0.171875
0 0.84765625 0.5890625 0.07421875 0.17734375
0 0.91328125 0.578125 0.08515625 0.128125
0 0.2546875 0.584375 0.10625 0.10625
0 0.11953125 0.634375 0.0765625 0.140625
0 0.0734375 0.55234375 0.0640625 0.13359375
0 0.05546875 0.4515625 0.08203125 0.090625
0 0.12890625 0.45390625 0.0796875 0.16640625
0 0.2328125 0.4640625 0.08203125 0.1265625
0 0.4078125 0.4515625 0.08515625 0.096875
0 0.4625 0.4453125 0.06640625 0.10390625
0 0.22109375 0.34765625 0.08359375 0.1109375
0 0.146875 0.34609375 0.05 0.06640625
0 0.040625 0.33828125 0.05234375 0.096875
0 0.303125 0.25390625 0.0609375 0.11328125
0 0.1625 0.23984375 0.07265625 0.10234375
0 0.115625 0.28359375 0.0609375 0.12109375
0 0.08203125 0.23125 0.07421875 0.0796875
0 0.44921875 0.28515625 0.08125 0.140625
0 0.546875 0.3625 0.0625 0.128125
0 0.5140625 0.2375 0.0625 0.1390625
0 0.603125 0.296875 0.05 0.15078125
0 0.54453125 0.2078125 0.0640625 0.16328125
0 0.65546875 0.35078125 0.05546875 0.128125
0 0.63828125 0.22890625 0.05234375 0.125
0 0.70859375 0.27421875 0.06796875 0.125
0 0.7421875 0.38515625 0.07265625 0.21328125
0 0.8234375 0.3875 0.0609375 0.16796875
0 0.87421875 0.3984375 0.109375 0.08125
0 0.92578125 0.43359375 0.08984375 0.16796875
0 0.78125 0.29453125 0.0453125 0.10390625
0 0.80390625 0.15859375 0.1109375 0.07265625
0 0.75 0.21953125 0.09375 0.08125
0 0.7296875 0.065625 0.078125 0.13125
0 0.6625 0.05625 0.05625 0.1125
0 0.52265625 0.07265625 0.0765625 0.09375
0 0.459375 0.16171875 0.04375 0.09375
0 0.39140625 0.209375 0.06640625 0.1265625
0 0.34765625 0.1890625 0.04140625 0.10546875
0 0.20859375 0.21484375 0.065625 0.14765625
0 0.10078125 0.1625 0.1078125 0.075
0 0.1390625 0.11640625 0.08515625 0.09921875
0 0.40390625 0.08046875 0.05 0.109375
0 0.37421875 0.08828125 0.02734375 0.128125