0 0.67421875 0.29375 0.078125 0.215625
0 0.8875 0.5 0.090625 0.25
0 0.9734375 0.47265625 0.05234375 0.22421875
0 0.609375 0.4375 0.128125 0.25546875
0 0.7078125 0.79296875 0.10390625 0.215625
0 0.7703125 0.921875 0.10390625 0.15625
0 0.3796875 0.946875 0.1265625 0.10625
0 0.5078125 0.62109375 0.078125 0.22734375
0 0.478125 0.503125 0.08125 0.23046875
0 0.43359375 0.43515625 0.09375 0.21484375
0 0.43359375 0.28828125 0.10625 0.15078125
0 0.3703125 0.32421875 0.08984375 0.13515625
0 0.3265625 0.4 0.09375 0.1890625
0 0.2921875 0.4625 0.0921875 0.109375
0 0.30859375 0.59453125 0.1078125 0.16640625
0 0.3546875 0.7171875 0.09765625 0.2671875
0 0.25546875 0.82109375 0.125 0.1734375
0 0.13828125 0.86171875 0.09765625 0.2203125
0 0.0625 0.8328125 0.08203125 0.23125
0 0.18203125 0.53828125 0.09921875 0.21328125
0 0.11328125 0.54140625 0.08203125 0.23828125
0 0.04453125 0.58515625 0.0890625 0.1859375
0 0.18984375 0.35546875 0.11796875 0.1890625
0 0.35078125 0.084375 0.1109375 0.16328125
0 0.23359375 0.0859375 0.12890625 0.171875
0 0.1359375 0.22734375 0.109375 0.11953125
0 0.02890625 0.2515625 0.0578125 0.153125