0 0.33125 0.38671875 0.090625 0.215625
0 0.12109375 0.528125 0.090625 0.25
0 0.11015625 0.28828125 0.08125 0.21875
0 0.484375 0.34765625 0.11953125 0.22421875
0 0.27265625 0.8265625 0.11640625 0.2328125
0 0.475 0.6734375 0.078125 0.22734375
0 0.49765625 0.50859375 0.08125 0.23046875
0 0.56953125 0.49609375 0.09375 0.21484375
0 0.56875 0.35546875 0.09765625 0.13671875
0 0.6296875 0.42421875 0.08984375 0.13515625
0 0.69921875 0.46484375 0.09375 0.1890625
0 0.709375 0.509375 0.0921875 0.109375
0 0.69609375 0.67421875 0.1078125 0.16640625
0 0.64140625 0.80703125 0.09765625 0.2671875
0 0.75390625 0.909375 0.125 0.1734375
0 0.87109375 0.88984375 0.09765625 0.2203125
0 0.94453125 0.87890625 0.08203125 0.23125
0 0.82421875 0.6234375 0.09921875 0.21328125
0 0.88203125 0.59765625 0.08203125 0.23828125
0 0.95546875 0.66171875 0.0890625 0.1859375
0 0.80078125 0.42265625 0.11796875 0.1890625
0 0.6546875 0.1609375 0.1109375 0.16328125
0 0.9078125 0.14296875 0.128125 0.16875
0 0.86875 0.309375 0.109375 0.11953125
0 0.97109375 0.33828125 0.0578125 0.1515625