0 0.66484375 0.4078125 0.090625 0.215625
0 0.85546875 0.5328125 0.090625 0.25
0 0.8546875 0.2 0.08125 0.21875
0 0.46953125 0.33125 0.109375 0.17890625
0 0.72734375 0.8265625 0.11640625 0.2328125
0 0.525 0.6734375 0.078125 0.22734375
0 0.50234375 0.50859375 0.08125 0.23046875
0 0.43046875 0.5546875 0.09375 0.21484375
0 0.43125 0.35546875 0.09765625 0.13671875
0 0.3640625 0.43671875 0.08984375 0.13515625
0 0.30078125 0.49609375 0.09375 0.159375
0 0.296875 0.57578125 0.1109375 0.109375
0 0.30390625 0.69921875 0.1078125 0.16640625
0 0.35859375 0.80703125 0.09765625 0.2671875
0 0.24609375 0.909375 0.125 0.1734375
0 0.08203125 0.88984375 0.11953125 0.2203125
0 0.17578125 0.6234375 0.09921875 0.21328125
0 0.11796875 0.59765625 0.08203125 0.23828125
0 0.04765625 0.70703125 0.08984375 0.1859375
0 0.19921875 0.42265625 0.11796875 0.1890625
0 0.3421875 0.19375 0.1109375 0.16328125
0 0.0640625 0.18359375 0.128125 0.16875
0 0.1328125 0.33203125 0.109375 0.11953125
0 0.02890625 0.38203125 0.0578125 0.1515625