0 0.33203125 0.49453125 0.090625 0.215625
0 0.215625 0.52734375 0.090625 0.25
0 0.209375 0.109375 0.08125 0.21875
0 0.6984375 0.34375 0.109375 0.17890625
0 0.27265625 0.84921875 0.11640625 0.2328125
0 0.4671875 0.73125 0.09375 0.22734375
0 0.48359375 0.52265625 0.08125 0.23046875
0 0.58125 0.6015625 0.09375 0.21484375
0 0.56328125 0.453125 0.09765625 0.13671875
0 0.62265625 0.53359375 0.08984375 0.13515625
0 0.6921875 0.54375 0.1125 0.159375
0 0.703125 0.6609375 0.1109375 0.109375
0 0.6859375 0.80078125 0.1078125 0.16640625
0 0.61875 0.83515625 0.09765625 0.2671875
0 0.825 0.71015625 0.09921875 0.21328125
0 0.91171875 0.66484375 0.08203125 0.23828125
0 0.95546875 0.73671875 0.0890625 0.1859375
0 0.79609375 0.4625 0.11796875 0.1890625
0 0.64921875 0.2578125 0.1109375 0.16328125
0 0.95078125 0.2765625 0.09765625 0.16640625
0 0.8703125 0.43359375 0.109375 0.11953125
0 0.97109375 0.4546875 0.0578125 0.153125
0 0.9625 0.115625 0.075 0.13515625
0 0.10078125 0.090625 0.1078125 0.18125
0 0.878125 0.040625 0.140625 0.08125