0 0.8921875 0.91796875 0.065625 0.096875
0 0.96484375 0.90078125 0.05703125 0.1421875
0 0.753125 0.953125 0.0625 0.09375
0 0.53671875 0.9296875 0.09921875 0.11796875
0 0.471875 0.9671875 0.096875 0.065625
0 0.39765625 0.9484375 0.0765625 0.103125
0 0.328125 0.921875 0.05078125 0.08203125
0 0.3 0.83984375 0.065625 0.08984375
0 0.37109375 0.69921875 0.11328125 0.07265625
0 0.2421875 0.62109375 0.0609375 0.078125
0 0.1484375 0.784375 0.05234375 0.09921875
0 0.159375 0.87734375 0.0453125 0.05859375
0 0.12734375 0.9640625 0.0765625 0.071875
0 0.1015625 0.89453125 0.05546875 0.08125
0 0.0421875 0.90625 0.03515625 0.121875
0 0.07890625 0.8109375 0.06640625 0.0625
0 0.0484375 0.73203125 0.08515625 0.08984375
0 0.8078125 0.73984375 0.06953125 0.128125
0 0.684375 0.63671875 0.065625 0.10625
0 0.56796875 0.63125 0.06796875 0.09765625
0 0.540625 0.5625 0.078125 0.07421875
0 0.475 0.5484375 0.05546875 0.125
0 0.378125 0.6125 0.0765625 0.1078125
0 0.06953125 0.5296875 0.059375 0.090625
0 0.1921875 0.53984375 0.0609375 0.09375
0 0.0203125 0.55 0.040625 0.1125
0 0.15703125 0.44921875 0.0640625 0.0953125
0 0.23984375 0.4671875 0.065625 0.0625
0 0.30625 0.49921875 0.05234375 0.09765625
0 0.35078125 0.5078125 0.03984375 0.08359375
0 0.37734375 0.5015625 0.04140625 0.08515625
0 0.41015625 0.49765625 0.0484375 0.09765625
0 0.50390625 0.4484375 0.05 0.08671875
0 0.6796875 0.45234375 0.04140625 0.10078125
0 0.52734375 0.37734375 0.05859375 0.0921875
0 0.409375 0.35390625 0.0484375 0.09375
0 0.18046875 0.31875 0.0625 0.05859375
0 0.07421875 0.3765625 0.0375 0.05625
0 0.0453125 0.4265625 0.0421875 0.05078125
0 0.02734375 0.3734375 0.0546875 0.06875
0 0.0875 0.25625 0.0359375 0.04453125
0 0.028125 0.271875 0.04453125 0.06484375
0 0.0828125 0.21484375 0.03359375 0.046875
0 0.10625 0.19140625 0.02265625 0.0578125
0 0.053125 0.1734375 0.02265625 0.0671875
0 0.0296875 0.146875 0.03125 0.06953125
0 0.1421875 0.16796875 0.021875 0.0625
0 0.17578125 0.14140625 0.03984375 0.07109375
0 0.178125 0.24921875 0.0328125 0.0640625
0 0.19375 0.22265625 0.0421875 0.0609375
0 0.27890625 0.2171875 0.02890625 0.06484375
0 0.3171875 0.225 0.0359375 0.08671875
0 0.35234375 0.24453125 0.0265625 0.05625
0 0.40234375 0.23671875 0.0484375 0.06953125
0 0.5296875 0.275 0.0453125 0.06953125
0 0.2203125 0.175 0.0375 0.046875
0 0.23359375 0.23125 0.0296875 0.05390625
0 0.284375 0.16875 0.0375 0.046875
0 0.30546875 0.140625 0.0484375 0.0484375
0 0.2828125 0.096875 0.040625 0.06640625
0 0.71953125 0.30859375 0.0609375 0.08203125
0 0.64140625 0.2265625 0.05625 0.06875
0 0.728125 0.17578125 0.06875 0.06015625
0 0.63515625 0.14921875 0.05625 0.07421875
0 0.5921875 0.19921875 0.0328125 0.07109375
0 0.56015625 0.203125 0.02890625 0.071875
0 0.52890625 0.21328125 0.03828125 0.05390625
0 0.48203125 0.18828125 0.02890625 0.06875
0 0.44453125 0.1890625 0.03359375 0.07421875
0 0.41484375 0.17578125 0.02890625 0.06484375
0 0.38671875 0.1625 0.0421875 0.05546875
0 0.45234375 0.1234375 0.03515625 0.0515625
0 0.75234375 0.0796875 0.0359375 0.0609375
0 0.68359375 0.13828125 0.03515625 0.06953125
0 0.8359375 0.20625 0.046875 0.04921875
0 0.865625 0.259375 0.046875 0.06484375
0 0.890625 0.259375 0.040625 0.0640625
0 0.9125 0.2859375 0.0359375 0.07421875
0 0.93984375 0.30078125 0.03125 0.07421875
0 0.97421875 0.30703125 0.0515625 0.08515625
0 0.23515625 0.1203125 0.0515625 0.06484375
0 0.1890625 0.08046875 0.0328125 0.053125
0 0.1625 0.07265625 0.025 0.04453125
0 0.146875 0.0953125 0.03984375 0.0265625
0 0.1328125 0.13125 0.03984375 0.03828125
0 0.0953125 0.128125 0.0265625 0.06875
0 0.8234375 0.52578125 0.0359375 0.06640625
0 0.88125 0.5890625 0.04453125 0.06953125
0 0.8515625 0.5546875 0.02734375 0.0609375
0 0.946875 0.6359375 0.046875 0.05546875
0 0.9296875 0.5796875 0.0515625 0.04921875
0 0.871875 0.52109375 0.0421875 0.03984375
0 0.9796875 0.5734375 0.040625 0.053125
0 0.98125 0.65078125 0.0375 0.0703125
0 0.903125 0.54140625 0.0328125 0.0421875
0 0.846875 0.478125 0.03984375 0.040625
0 0.896875 0.4921875 0.0328125 0.0375
0 0.89609375 0.465625 0.0609375 0.0421875