0 0.89921875 0.94921875 0.065625 0.096875
0 0.96484375 0.925 0.05703125 0.1421875
0 0.51953125 0.9578125 0.05546875 0.08125
0 0.3859375 0.95625 0.05625 0.0875
0 0.3296875 0.95859375 0.05078125 0.08203125
0 0.28125 0.8859375 0.0546875 0.075
0 0.36875 0.7609375 0.11328125 0.07265625
0 0.240625 0.66796875 0.06640625 0.10234375
0 0.15078125 0.84375 0.05234375 0.09921875
0 0.16171875 0.91015625 0.0453125 0.05859375
0 0.12421875 0.9640625 0.0765625 0.071875
0 0.1 0.92578125 0.05546875 0.08125
0 0.04765625 0.9359375 0.03515625 0.121875
0 0.07578125 0.85859375 0.06640625 0.0625
0 0.0421875 0.7875 0.084375 0.090625
0 0.746875 0.7484375 0.07109375 0.1109375
0 0.684375 0.6515625 0.065625 0.10625
0 0.53671875 0.6625 0.06796875 0.09765625
0 0.540625 0.59375 0.078125 0.07421875
0 0.4734375 0.565625 0.05546875 0.125
0 0.375 0.6421875 0.0765625 0.1078125
0 0.0703125 0.58359375 0.059375 0.090625
0 0.140625 0.5703125 0.0609375 0.09375
0 0.02421875 0.5921875 0.04140625 0.05546875
0 0.15546875 0.49296875 0.0640625 0.0953125
0 0.24296875 0.496875 0.065625 0.0625
0 0.3015625 0.5234375 0.05234375 0.09765625
0 0.35390625 0.5375 0.03984375 0.08359375
0 0.37734375 0.52734375 0.04140625 0.08515625
0 0.403125 0.521875 0.0484375 0.09765625
0 0.50390625 0.49609375 0.05 0.08671875
0 0.57734375 0.4265625 0.04140625 0.10078125
0 0.528125 0.43203125 0.05859375 0.0921875
0 0.415625 0.41640625 0.0484375 0.09375
0 0.17421875 0.36640625 0.0625 0.05859375
0 0.06953125 0.40078125 0.0375 0.05625
0 0.0484375 0.4375 0.04921875 0.071875
0 0.02734375 0.390625 0.0546875 0.06875
0 0.07890625 0.28125 0.04140625 0.06875
0 0.021875 0.29921875 0.04375 0.0640625
0 0.0828125 0.21484375 0.03359375 0.046875
0 0.10546875 0.24140625 0.02265625 0.0578125
0 0.05859375 0.20703125 0.02265625 0.0671875
0 0.02890625 0.196875 0.03125 0.06953125
0 0.1375 0.19453125 0.0328125 0.0640625
0 0.1703125 0.17265625 0.03984375 0.07109375
0 0.13984375 0.2890625 0.0328125 0.0640625
0 0.20390625 0.2828125 0.0421875 0.0609375
0 0.2765625 0.271875 0.02890625 0.06484375
0 0.31484375 0.24609375 0.0359375 0.08671875
0 0.34375 0.25625 0.03515625 0.0734375
0 0.3828125 0.23671875 0.0484375 0.06953125
0 0.5296875 0.32890625 0.0453125 0.06953125
0 0.234375 0.1546875 0.0375 0.05234375
0 0.2171875 0.19921875 0.0453125 0.06953125
0 0.4359375 0.04765625 0.0375 0.046875
0 0.284375 0.22421875 0.0484375 0.0484375
0 0.275 0.146875 0.040625 0.06640625
0 0.621875 0.35078125 0.0609375 0.08203125
0 0.6390625 0.21484375 0.03203125 0.0484375
0 0.7234375 0.2265625 0.06875 0.06015625
0 0.62734375 0.18984375 0.04375 0.053125
0 0.5921875 0.26953125 0.0328125 0.07109375
0 0.55625 0.25 0.02890625 0.071875
0 0.525 0.26171875 0.03828125 0.05390625
0 0.47734375 0.21015625 0.034375 0.1015625
0 0.44375 0.22890625 0.03359375 0.07421875
0 0.41640625 0.2375 0.03125 0.06640625
0 0.38515625 0.190625 0.0421875 0.05546875
0 0.446875 0.140625 0.03515625 0.0515625
0 0.74375 0.125 0.0359375 0.0609375
0 0.67734375 0.19375 0.03515625 0.06953125
0 0.84453125 0.25 0.046875 0.04921875
0 0.86328125 0.31796875 0.046875 0.06484375
0 0.8890625 0.321875 0.040625 0.0640625
0 0.9125 0.3359375 0.0359375 0.07421875
0 0.93671875 0.3484375 0.03125 0.07421875
0 0.97421875 0.35859375 0.0515625 0.08515625
0 0.4765625 0.046875 0.04765625 0.05390625
0 0.19375 0.11171875 0.0328125 0.053125
0 0.15703125 0.0328125 0.025 0.04453125
0 0.159375 0.10078125 0.0640625 0.0375
0 0.1328125 0.13125 0.03984375 0.03828125
0 0.1 0.1484375 0.0359375 0.109375
0 0.821875 0.58515625 0.0359375 0.06640625
0 0.8859375 0.6484375 0.04453125 0.06953125
0 0.85546875 0.61328125 0.02734375 0.0609375
0 0.9453125 0.684375 0.046875 0.05546875
0 0.93125 0.63515625 0.0515625 0.04921875
0 0.86875 0.53203125 0.04921875 0.046875
0 0.9796875 0.6359375 0.040625 0.053125
0 0.98125 0.6953125 0.0375 0.06953125
0 0.86796875 0.57578125 0.0328125 0.0421875
0 0.90546875 0.5203125 0.046875 0.0515625
0 0.6859375 0.53515625 0.03671875 0.09765625
0 0.840625 0.84609375 0.0640625 0.10234375
0 0.921875 0.78671875 0.06171875 0.10859375
0 0.53984375 0.81484375 0.04296875 0.1078125
0 0.6375 0.03125 0.04375 0.0625
0 0.57890625 0.0359375 0.05 0.06640625
0 0.30625 0.1953125 0.03984375 0.04921875