0 0.91484375 0.97734375 0.0796875 0.0453125
0 0.47109375 0.80859375 0.05546875 0.0859375
0 0.628125 0.7734375 0.08515625 0.05078125
0 0.7890625 0.7 0.0484375 0.0984375
0 0.5578125 0.7203125 0.03828125 0.0921875
0 0.51953125 0.71640625 0.04453125 0.0671875
0 0.446875 0.634375 0.04453125 0.1109375
0 0.47890625 0.559375 0.03984375 0.08515625
0 0.54765625 0.521875 0.046875 0.08671875
0 0.50546875 0.51796875 0.046875 0.0625
0 0.40546875 0.51875 0.0515625 0.08984375
0 0.4078125 0.640625 0.05390625 0.09140625
0 0.37578125 0.6515625 0.0515625 0.06953125
0 0.34765625 0.65 0.04296875 0.0875
0 0.35546875 0.725 0.0671875 0.05078125
0 0.35859375 0.75546875 0.046875 0.05625
0 0.35859375 0.87109375 0.08984375 0.06328125
0 0.19921875 0.75546875 0.06640625 0.0921875
0 0.29375 0.64765625 0.04453125 0.09609375
0 0.25703125 0.6265625 0.03359375 0.06875
0 0.22890625 0.62578125 0.0421875 0.06640625
0 0.146875 0.940625 0.046875 0.084375
0 0.02890625 0.96015625 0.0453125 0.0796875
0 0.075 0.94921875 0.05546875 0.0875
0 0.03671875 0.8671875 0.0609375 0.05859375
0 0.0625 0.69453125 0.0578125 0.09140625
0 0.01796875 0.7171875 0.0359375 0.1078125
0 0.084375 0.6046875 0.053125 0.103125
0 0.1484375 0.603125 0.0578125 0.1140625
0 0.04296875 0.5765625 0.04296875 0.06484375
0 0.15 0.4625 0.06015625 0.0921875
0 0.0671875 0.5171875 0.04453125 0.0609375
0 0.0296875 0.515625 0.05078125 0.0765625
0 0.153125 0.12734375 0.025 0.0609375
0 0.2578125 0.078125 0.03671875 0.053125
0 0.29765625 0.07734375 0.02890625 0.04921875
0 0.41484375 0.1203125 0.02734375 0.05546875
0 0.465625 0.140625 0.03984375 0.0578125
0 0.5671875 0.13203125 0.0328125 0.05625
0 0.53828125 0.115625 0.0296875 0.0578125
0 0.6375 0.11640625 0.0375 0.06015625
0 0.73828125 0.221875 0.0359375 0.06484375
0 0.6921875 0.08203125 0.0296875 0.04921875
0 0.5 0.04296875 0.0359375 0.06328125
0 0.48359375 0.07109375 0.03125 0.04296875
0 0.36328125 0.05703125 0.05859375 0.04296875
0 0.290625 0.02890625 0.06875 0.053125
0 0.22890625 0.03984375 0.046875 0.04296875
0 0.38203125 0.4171875 0.034375 0.0578125
0 0.7078125 0.32265625 0.046875 0.04453125
0 0.11171875 0.221875 0.03125 0.053125
0 0.14921875 0.221875 0.0359375 0.05390625
0 0.18515625 0.21328125 0.0265625 0.04453125
0 0.271875 0.23203125 0.0375 0.05546875
0 0.025 0.28359375 0.03359375 0.0671875
0 0.16171875 0.3046875 0.02265625 0.05625
0 0.0890625 0.27265625 0.02421875 0.06015625
0 0.03203125 0.3453125 0.05703125 0.08515625
0 0.0890625 0.36328125 0.05390625 0.0609375
0 0.021875 0.421875 0.04375 0.05625
0 0.19296875 0.36796875 0.0484375 0.07421875
0 0.2296875 0.3703125 0.0375 0.05859375
0 0.1046875 0.325 0.03515625 0.05859375
0 0.0671875 0.2984375 0.03359375 0.05390625
0 0.13828125 0.28984375 0.03359375 0.07421875
0 0.2109375 0.2734375 0.0421875 0.05390625
0 0.27109375 0.36171875 0.03515625 0.0625
0 0.17265625 0.26953125 0.0328125 0.0640625
0 0.23359375 0.26015625 0.04921875 0.0609375
0 0.2765625 0.28203125 0.0484375 0.04296875
0 0.31015625 0.35078125 0.03515625 0.084375
0 0.296875 0.28828125 0.03828125 0.0546875
0 0.3359375 0.3078125 0.0375 0.0765625
0 0.3796875 0.303125 0.03828125 0.05078125
0 0.403125 0.29609375 0.025 0.0875
0 0.4359375 0.28828125 0.03125 0.08203125
0 0.46796875 0.32265625 0.04453125 0.0828125
0 0.5109375 0.3421875 0.040625 0.06640625
0 0.55625 0.33984375 0.03828125 0.08046875
0 0.6359375 0.30234375 0.03359375 0.0609375
0 0.60703125 0.27421875 0.03984375 0.0328125
0 0.5890625 0.34140625 0.03515625 0.05703125
0 0.56875 0.2796875 0.03828125 0.04453125
0 0.85 0.3265625 0.046875 0.0359375
0 0.8296875 0.34453125 0.05390625 0.03984375
0 0.86015625 0.40078125 0.03515625 0.046875
0 0.88203125 0.4078125 0.0265625 0.07109375
0 0.90546875 0.434375 0.03828125 0.08203125
0 0.9375 0.45078125 0.02734375 0.06953125
0 0.975 0.44609375 0.03984375 0.08046875
0 0.98359375 0.7890625 0.0296875 0.0734375
0 0.9390625 0.7640625 0.05078125 0.08359375
0 0.88125 0.74296875 0.03984375 0.06484375
0 0.89921875 0.69140625 0.03359375 0.04296875
0 0.84921875 0.69609375 0.03125 0.07421875
0 0.821875 0.66796875 0.0359375 0.0609375
0 0.86171875 0.63125 0.0484375 0.05625
0 0.89296875 0.66015625 0.0453125 0.03828125
0 0.8921875 0.61171875 0.05390625 0.04453125
0 0.6671875 0.2828125 0.0375 0.0609375
0 0.66796875 0.83203125 0.07109375 0.06953125
0 0.521875 0.415625 0.0375 0.0625
0 0.37109375 0.8171875 0.07421875 0.06484375
0 0.43828125 0.4390625 0.05390625 0.0828125
0 0.2078125 0.315625 0.05546875 0.0421875
0 0.075 0.03203125 0.03984375 0.03984375
0 0.12265625 0.025 0.05078125 0.04453125
0 0.1796875 0.0234375 0.02265625 0.046875
0 0.11015625 0.2703125 0.0203125 0.0578125