0 0.3484375 0.87578125 0.078125 0.05703125
0 0.465625 0.81484375 0.05078125 0.0796875
0 0.384375 0.8578125 0.059375 0.065625
0 0.36953125 0.8125 0.06953125 0.0390625
0 0.19921875 0.7578125 0.07109375 0.07578125
0 0.353125 0.76953125 0.04140625 0.06171875
0 0.521875 0.7203125 0.0375 0.0671875
0 0.55859375 0.73046875 0.0390625 0.08984375
0 0.62109375 0.7796875 0.06328125 0.06171875
0 0.6546875 0.84375 0.0640625 0.0859375
0 0.68671875 0.7953125 0.0578125 0.0921875
0 0.153125 0.9515625 0.0609375 0.084375
0 0.071875 0.9703125 0.053125 0.059375
0 0.0375 0.890625 0.06796875 0.08359375
0 0.06328125 0.703125 0.06328125 0.09453125
0 0.0171875 0.728125 0.034375 0.0875
0 0.1484375 0.6109375 0.0640625 0.096875
0 0.0796875 0.6140625 0.05078125 0.09453125
0 0.03984375 0.590625 0.04140625 0.0671875
0 0.15 0.47265625 0.05546875 0.07578125
0 0.06484375 0.53046875 0.04140625 0.06796875
0 0.02578125 0.51875 0.04453125 0.07109375
0 0.221875 0.63671875 0.03515625 0.0671875
0 0.35 0.7359375 0.0578125 0.04921875
0 0.3125 0.69140625 0.046875 0.0640625
0 0.2546875 0.63359375 0.028125 0.0578125
0 0.29296875 0.653125 0.0453125 0.08828125
0 0.34609375 0.66796875 0.04296875 0.07578125
0 0.37578125 0.66484375 0.05703125 0.0796875
0 0.40390625 0.653125 0.053125 0.1
0 0.4484375 0.63984375 0.0453125 0.09453125
0 0.55078125 0.5296875 0.05078125 0.0875
0 0.5046875 0.53203125 0.059375 0.05703125
0 0.4765625 0.575 0.0390625 0.07734375
0 0.4125 0.5203125 0.04140625 0.08046875
0 0.5234375 0.4296875 0.03671875 0.07109375
0 0.4265625 0.4390625 0.0515625 0.0671875
0 0.37265625 0.42578125 0.04921875 0.059375
0 0.015625 0.42578125 0.03125 0.06875
0 0.03828125 0.378125 0.0453125 0.04453125
0 0.08828125 0.384375 0.05234375 0.0640625
0 0.03984375 0.3390625 0.0453125 0.04296875
0 0.1 0.33203125 0.02578125 0.05390625
0 0.075 0.3203125 0.025 0.040625
0 0.0234375 0.2859375 0.03203125 0.0515625
0 0.06015625 0.290625 0.02578125 0.05625
0 0.08671875 0.28046875 0.0296875 0.05078125
0 0.1359375 0.31640625 0.028125 0.0625
0 0.1640625 0.2984375 0.03046875 0.07265625
0 0.1171875 0.28515625 0.0328125 0.05625
0 0.12734375 0.24609375 0.0390625 0.0375
0 0.15390625 0.228125 0.03828125 0.059375
0 0.10859375 0.21796875 0.03515625 0.0421875
0 0.3140625 0.3578125 0.03203125 0.0796875
0 0.27421875 0.37109375 0.0328125 0.0625
0 0.228125 0.378125 0.03046875 0.04453125
0 0.1921875 0.37734375 0.0421875 0.0640625
0 0.21328125 0.31953125 0.05546875 0.05546875
0 0.2703125 0.2421875 0.0453125 0.04921875
0 0.2265625 0.2703125 0.04140625 0.046875
0 0.18984375 0.26953125 0.04609375 0.0421875
0 0.15390625 0.13125 0.03515625 0.05078125
0 0.409375 0.128125 0.03671875 0.04921875
0 0.4671875 0.14609375 0.0421875 0.05
0 0.296875 0.29140625 0.02890625 0.04296875
0 0.278125 0.3234375 0.03828125 0.0421875
0 0.33671875 0.3125 0.034375 0.0703125
0 0.375 0.31171875 0.03046875 0.0578125
0 0.4046875 0.30546875 0.03046875 0.07421875
0 0.44765625 0.2828125 0.04921875 0.0546875
0 0.58984375 0.35234375 0.040625 0.08046875
0 0.553125 0.35234375 0.034375 0.0625
0 0.46484375 0.3375 0.04140625 0.05078125
0 0.509375 0.36640625 0.04140625 0.04765625
0 0.71171875 0.32421875 0.05078125 0.034375
0 0.66875 0.2953125 0.03359375 0.0640625
0 0.63125 0.3125 0.03203125 0.0453125
0 0.61484375 0.28671875 0.05 0.05078125
0 0.73671875 0.225 0.03046875 0.05859375
0 0.640625 0.13125 0.03828125 0.0453125
0 0.6984375 0.096875 0.05 0.059375
0 0.67890625 0.03671875 0.03203125 0.053125
0 0.84609375 0.1125 0.05 0.059375
0 0.83671875 0.3453125 0.06875 0.059375
0 0.86015625 0.40703125 0.0328125 0.05078125
0 0.884375 0.425 0.0328125 0.0515625
0 0.90625 0.4484375 0.02890625 0.0640625
0 0.93671875 0.45859375 0.03671875 0.06640625
0 0.97578125 0.46328125 0.04375 0.06796875
0 0.903125 0.51015625 0.05859375 0.071875
0 0.56953125 0.14140625 0.03359375 0.0625
0 0.5328125 0.1328125 0.03515625 0.05546875
0 0.53671875 0.090625 0.028125 0.04140625
0 0.4796875 0.07421875 0.04140625 0.05625
0 0.3609375 0.06875 0.04765625 0.0578125
0 0.29921875 0.084375 0.02890625 0.03671875
0 0.2546875 0.084375 0.0328125 0.03828125
0 0.334375 0.0390625 0.02578125 0.06328125
0 0.30625 0.04375 0.02890625 0.0625
0 0.2703125 0.04296875 0.02265625 0.06796875
0 0.2390625 0.04765625 0.03203125 0.05
0 0.21015625 0.04140625 0.03046875 0.0625
0 0.178125 0.0296875 0.0296875 0.05
0 0.1234375 0.028125 0.05546875 0.05078125
0 0.07265625 0.03515625 0.0328125 0.046875
0 0.9046875 0.97578125 0.0625 0.0484375
0 0.97578125 0.80234375 0.0484375 0.0796875
0 0.928125 0.775 0.0578125 0.096875
0 0.88046875 0.75703125 0.05078125 0.084375
0 0.8484375 0.7203125 0.03671875 0.065625
0 0.82265625 0.69296875 0.03046875 0.07265625
0 0.8671875 0.68046875 0.05 0.03359375
0 0.85390625 0.6375 0.04921875 0.05390625