0 0.35859375 0.92109375 0.0953125 0.1578125
0 0.87578125 0.8890625 0.09765625 0.21875
0 0.83984375 0.6453125 0.08984375 0.20859375
0 0.72734375 0.625 0.1078125 0.128125
0 0.7390625 0.47109375 0.08671875 0.171875
0 0.92265625 0.42734375 0.078125 0.1078125
0 0.94765625 0.29296875 0.07421875 0.1578125
0 0.9765625 0.37109375 0.046875 0.17578125
0 0.8953125 0.27421875 0.0953125 0.096875
0 0.8203125 0.284375 0.06953125 0.21328125
0 0.76953125 0.23828125 0.0453125 0.190625
0 0.71953125 0.19140625 0.046875 0.14609375
0 0.82421875 0.14609375 0.05234375 0.07421875
0 0.7578125 0.08515625 0.08984375 0.090625
0 0.81875 0.04375 0.10390625 0.0765625
0 0.58515625 0.12421875 0.05703125 0.14921875
0 0.65859375 0.153125 0.05234375 0.11328125
0 0.6265625 0.18828125 0.0484375 0.13203125
0 0.6375 0.29765625 0.08828125 0.2
0 0.5171875 0.25078125 0.0484375 0.1578125
0 0.47265625 0.303125 0.06640625 0.10390625
0 0.41171875 0.33359375 0.090625 0.10546875
0 0.5796875 0.44453125 0.05390625 0.16171875
0 0.4859375 0.55390625 0.08203125 0.21875
0 0.365625 0.57421875 0.11484375 0.13046875
0 0.14375 0.66953125 0.128125 0.1578125
0 0.05 0.796875 0.1 0.178125
0 0.271875 0.45859375 0.1125 0.121875
0 0.1265625 0.49609375 0.0765625 0.13359375
0 0.07890625 0.41640625 0.08125 0.13359375
0 0.08828125 0.33203125 0.090625 0.140625
0 0.17265625 0.3703125 0.05859375 0.15234375
0 0.165625 0.24453125 0.0640625 0.125
0 0.25078125 0.24296875 0.08984375 0.16796875
0 0.4703125 0.15234375 0.0796875 0.159375
0 0.3109375 0.1421875 0.059375 0.11953125
0 0.45390625 0.05 0.0671875 0.1
0 0.37109375 0.06328125 0.10390625 0.11796875
0 0.2875 0.0421875 0.05859375 0.08359375
0 0.246875 0.075 0.05625 0.15
0 0.21171875 0.0953125 0.059375 0.10546875
0 0.16875 0.11328125 0.07109375 0.121875
0 0.11484375 0.16796875 0.0453125 0.12890625
0 0.04296875 0.203125 0.05 0.121875
0 0.0640625 0.09765625 0.07109375 0.10234375
0 0.096875 0.06640625 0.06796875 0.078125