0 0.721875 0.959375 0.0875 0.08046875
0 0.87890625 0.8421875 0.0609375 0.2125
0 0.82109375 0.53125 0.0671875 0.1875
0 0.89453125 0.53125 0.10703125 0.16796875
0 0.9625 0.490625 0.07421875 0.15
0 0.96640625 0.40859375 0.0671875 0.0578125
0 0.971875 0.3453125 0.05625 0.103125
0 0.934375 0.24375 0.03515625 0.08203125
0 0.67109375 0.8234375 0.0828125 0.1703125
0 0.5609375 0.86875 0.09765625 0.16328125
0 0.49375 0.82734375 0.06015625 0.1625
0 0.64453125 0.6734375 0.140625 0.08046875
0 0.51171875 0.7375 0.08046875 0.078125
0 0.68046875 0.584375 0.1078125 0.11328125
0 0.57890625 0.59609375 0.11640625 0.115625
0 0.47890625 0.58515625 0.1046875 0.09609375
0 0.475 0.6640625 0.1046875 0.0828125
0 0.4078125 0.75234375 0.125 0.1296875
0 0.40234375 0.64765625 0.07109375 0.08203125
0 0.3578125 0.58203125 0.06640625 0.115625
0 0.33203125 0.665625 0.08046875 0.09375
0 0.2828125 0.75 0.1046875 0.115625
0 0.37734375 0.884375 0.07421875 0.1234375
0 0.43828125 0.95859375 0.1171875 0.0828125
0 0.19921875 0.9640625 0.11640625 0.071875
0 0.0484375 0.965625 0.096875 0.06875
0 0.15234375 0.8890625 0.12265625 0.08515625
0 0.2328125 0.85078125 0.07421875 0.15625
0 0.0484375 0.8765625 0.0828125 0.103125
0 0.05859375 0.76171875 0.0984375 0.12109375
0 0.14921875 0.7546875 0.09140625 0.115625
0 0.2109375 0.696875 0.07109375 0.1046875
0 0.13828125 0.65078125 0.06953125 0.1
0 0.0328125 0.590625 0.06484375 0.17421875
0 0.17265625 0.528125 0.05390625 0.13125
0 0.30078125 0.50546875 0.1359375 0.1359375
0 0.23125 0.465625 0.0953125 0.11640625
0 0.11328125 0.47265625 0.06953125 0.09140625
0 0.10546875 0.5640625 0.0765625 0.084375
0 0.03125 0.32578125 0.0625 0.0984375
0 0.55078125 0.43359375 0.0953125 0.1
0 0.72265625 0.434375 0.07109375 0.15
0 0.73828125 0.33984375 0.0828125 0.06640625
0 0.67265625 0.38515625 0.046875 0.15234375
0 0.58203125 0.35546875 0.125 0.16328125
0 0.59609375 0.25625 0.0890625 0.13125
0 0.76953125 0.2640625 0.0375 0.0921875
0 0.76328125 0.18359375 0.06015625 0.06875
0 0.74296875 0.14453125 0.09140625 0.1046875
0 0.74296875 0.07421875 0.09609375 0.05859375
0 0.834375 0.053125 0.07421875 0.0765625
0 0.43515625 0.42890625 0.07421875 0.12734375
0 0.39375 0.4015625 0.04921875 0.1296875
0 0.34453125 0.365625 0.0515625 0.14296875
0 0.27734375 0.371875 0.08984375 0.11640625
0 0.21484375 0.2890625 0.0453125 0.19140625
0 0.171875 0.2234375 0.05546875 0.14453125
0 0.12109375 0.20234375 0.05546875 0.1046875
0 0.2953125 0.165625 0.0625 0.1578125
0 0.31015625 0.28046875 0.07421875 0.0609375
0 0.359375 0.21796875 0.04296875 0.1
0 0.403125 0.2796875 0.06640625 0.0828125
0 0.51015625 0.27734375 0.04921875 0.13671875
0 0.4546875 0.24609375 0.07109375 0.13671875
0 0.5140625 0.1703125 0.08203125 0.10234375
0 0.5453125 0.1078125 0.08671875 0.14765625
0 0.4359375 0.1515625 0.06484375 0.0625
0 0.4484375 0.0703125 0.06953125 0.0875
0 0.3734375 0.13203125 0.06875 0.084375