0 0.83203125 0.084375 0.0796875 0.13203125
0 0.72265625 0.15234375 0.11953125 0.16484375
0 0.721875 0.03515625 0.125 0.06640625
0 0.71953125 0.284375 0.13203125 0.13359375
0 0.65859375 0.38828125 0.08671875 0.14921875
0 0.759375 0.528125 0.06640625 0.23828125
0 0.8328125 0.48984375 0.0953125 0.13359375
0 0.92421875 0.540625 0.11484375 0.14375
0 0.8359375 0.65703125 0.0953125 0.19140625
0 0.865625 0.8109375 0.11484375 0.090625
0 0.959375 0.81328125 0.08125 0.20859375
0 0.84296875 0.925 0.140625 0.128125
0 0.78515625 0.80390625 0.08515625 0.11640625
0 0.73125 0.77109375 0.06796875 0.1390625
0 0.7328125 0.91796875 0.11328125 0.13515625
0 0.63984375 0.89453125 0.13515625 0.14375
0 0.6390625 0.7390625 0.06796875 0.21484375
0 0.5578125 0.77265625 0.08984375 0.2046875
0 0.6890625 0.57890625 0.08203125 0.203125
0 0.62578125 0.56015625 0.08125 0.19453125
0 0.5390625 0.6109375 0.11796875 0.1421875
0 0.57265625 0.48828125 0.05390625 0.121875
0 0.45703125 0.53828125 0.08515625 0.13359375
0 0.51875 0.30859375 0.06796875 0.153125
0 0.57734375 0.2953125 0.046875 0.15625
0 0.528125 0.17890625 0.121875 0.11328125
0 0.51953125 0.075 0.08515625 0.121875
0 0.35859375 0.1546875 0.08125 0.13046875
0 0.4171875 0.25546875 0.07265625 0.10234375
0 0.42109375 0.35390625 0.07265625 0.08203125
0 0.3640625 0.37890625 0.0609375 0.13203125
0 0.28046875 0.35703125 0.075 0.14375
0 0.34765625 0.4796875 0.12890625 0.07265625
0 0.2453125 0.53984375 0.0609375 0.121875
0 0.18984375 0.51953125 0.06640625 0.215625
0 0.1765625 0.759375 0.08359375 0.175
0 0.0609375 0.90625 0.121875 0.1734375
0 0.19453125 0.94765625 0.1453125 0.1046875
0 0.03515625 0.72890625 0.0703125 0.1046875
0 0.06640625 0.621875 0.1328125 0.125
0 0.04453125 0.4671875 0.0890625 0.203125
0 0.12890625 0.5015625 0.08515625 0.13046875
0 0.1 0.3171875 0.08984375 0.13203125
0 0.0265625 0.33203125 0.053125 0.1484375
0 0.08671875 0.21015625 0.1390625 0.1078125
0 0.20390625 0.35078125 0.075 0.11953125
0 0.23046875 0.2203125 0.0921875 0.15078125
0 0.32109375 0.28671875 0.0765625 0.121875
0 0.2546875 0.1078125 0.1546875 0.09921875
0 0.3078125 0.04296875 0.1 0.0859375