0 0.278125 0.959375 0.0875 0.08046875
0 0.12109375 0.8421875 0.0609375 0.2125
0 0.17890625 0.53125 0.0671875 0.1875
0 0.10546875 0.53125 0.10703125 0.16796875
0 0.0375 0.490625 0.07421875 0.15
0 0.03359375 0.40859375 0.0671875 0.0578125
0 0.028125 0.3453125 0.05625 0.103125
0 0.065625 0.24375 0.03515625 0.08203125
0 0.32890625 0.8234375 0.0828125 0.1703125
0 0.4390625 0.86875 0.09765625 0.16328125
0 0.50625 0.82734375 0.06015625 0.1625
0 0.35546875 0.6734375 0.140625 0.08046875
0 0.48828125 0.7375 0.08046875 0.078125
0 0.31953125 0.584375 0.1078125 0.11328125
0 0.42109375 0.59609375 0.11640625 0.115625
0 0.52109375 0.58515625 0.1046875 0.09609375
0 0.525 0.6640625 0.1046875 0.0828125
0 0.5921875 0.75234375 0.125 0.1296875
0 0.59765625 0.64765625 0.07109375 0.08203125
0 0.6421875 0.58203125 0.06640625 0.115625
0 0.66796875 0.665625 0.08046875 0.09375
0 0.7171875 0.75 0.1046875 0.115625
0 0.62265625 0.884375 0.07421875 0.1234375
0 0.56171875 0.95859375 0.1171875 0.0828125
0 0.80078125 0.9640625 0.11640625 0.071875
0 0.9515625 0.965625 0.096875 0.06875
0 0.84765625 0.8890625 0.12265625 0.08515625
0 0.7671875 0.85078125 0.07421875 0.15625
0 0.9515625 0.8765625 0.0828125 0.103125
0 0.94140625 0.76171875 0.0984375 0.12109375
0 0.85078125 0.7546875 0.09140625 0.115625
0 0.7890625 0.696875 0.07109375 0.1046875
0 0.86171875 0.65078125 0.06953125 0.1
0 0.9671875 0.590625 0.06484375 0.17421875
0 0.82734375 0.528125 0.05390625 0.13125
0 0.69921875 0.50546875 0.1359375 0.1359375
0 0.76875 0.465625 0.0953125 0.11640625
0 0.88671875 0.47265625 0.06953125 0.09140625
0 0.89453125 0.5640625 0.0765625 0.084375
0 0.96875 0.32578125 0.0625 0.0984375
0 0.44921875 0.43359375 0.0953125 0.1
0 0.27734375 0.434375 0.07109375 0.15
0 0.26171875 0.33984375 0.0828125 0.06640625
0 0.32734375 0.38515625 0.046875 0.15234375
0 0.41796875 0.35546875 0.125 0.16328125
0 0.40390625 0.25625 0.0890625 0.13125
0 0.23046875 0.2640625 0.0375 0.0921875
0 0.23671875 0.18359375 0.06015625 0.06875
0 0.25703125 0.14453125 0.09140625 0.1046875
0 0.25703125 0.07421875 0.09609375 0.05859375
0 0.165625 0.053125 0.07421875 0.0765625
0 0.56484375 0.42890625 0.07421875 0.12734375
0 0.60625 0.4015625 0.04921875 0.1296875
0 0.65546875 0.365625 0.0515625 0.14296875
0 0.72265625 0.371875 0.08984375 0.11640625
0 0.78515625 0.2890625 0.0453125 0.19140625
0 0.828125 0.2234375 0.05546875 0.14453125
0 0.87890625 0.20234375 0.05546875 0.1046875
0 0.7046875 0.165625 0.0625 0.1578125
0 0.68984375 0.28046875 0.07421875 0.0609375
0 0.640625 0.21796875 0.04296875 0.1
0 0.596875 0.2796875 0.06640625 0.0828125
0 0.48984375 0.27734375 0.04921875 0.13671875
0 0.5453125 0.24609375 0.07109375 0.13671875
0 0.4859375 0.1703125 0.08203125 0.10234375
0 0.4546875 0.1078125 0.08671875 0.14765625
0 0.5640625 0.1515625 0.06484375 0.0625
0 0.5515625 0.0703125 0.06953125 0.0875
0 0.6265625 0.13203125 0.06875 0.084375