0 0.08828125 0.3640625 0.11640625 0.265625
0 0.27890625 0.221875 0.08359375 0.221875
0 0.42578125 0.0921875 0.090625 0.184375
0 0.5296875 0.07734375 0.1390625 0.12890625
0 0.61171875 0.1875 0.0921875 0.1390625
0 0.5203125 0.37890625 0.08984375 0.1875
0 0.55390625 0.14765625 0.08515625 0.090625
0 0.5421875 0.26171875 0.11484375 0.128125
0 0.63125 0.3140625 0.08125 0.17578125
0 0.6953125 0.30703125 0.08984375 0.11953125
0 0.6765625 0.428125 0.11796875 0.14375
0 0.640625 0.546875 0.08515625 0.221875
0 0.8171875 0.2546875 0.13203125 0.11484375
0 0.85546875 0.08203125 0.10625 0.11953125
0 0.96875 0.10234375 0.0625 0.1671875
0 0.8203125 0.38671875 0.109375 0.19609375
0 0.94609375 0.41328125 0.09375 0.20703125
0 0.8734375 0.49609375 0.08828125 0.21328125
0 0.72265625 0.65 0.1421875 0.13515625
0 0.17890625 0.6515625 0.11640625 0.23984375
0 0.234375 0.815625 0.09375 0.21875
0 0.30546875 0.69140625 0.125 0.1875
0 0.334375 0.89609375 0.1 0.2078125
0 0.51328125 0.890625 0.10625 0.21875
0 0.60859375 0.8609375 0.10078125 0.24140625
0 0.69140625 0.778125 0.13671875 0.2046875
0 0.81015625 0.8890625 0.09765625 0.221875
0 0.85234375 0.71015625 0.1109375 0.20703125
0 0.92890625 0.6953125 0.06796875 0.20625
0 0.959375 0.78046875 0.08125 0.25703125