0 0.91171875 0.3828125 0.11640625 0.22890625
0 0.6921875 0.19765625 0.08359375 0.221875
0 0.42734375 0.07734375 0.1390625 0.12890625
0 0.3828125 0.21484375 0.0921875 0.1390625
0 0.46640625 0.41171875 0.08984375 0.21015625
0 0.44609375 0.14765625 0.08515625 0.090625
0 0.4578125 0.26171875 0.11484375 0.128125
0 0.35546875 0.346875 0.08125 0.17578125
0 0.30078125 0.3453125 0.10546875 0.11953125
0 0.31875 0.45390625 0.11796875 0.14375
0 0.359375 0.56953125 0.08515625 0.221875
0 0.1828125 0.26953125 0.13203125 0.11484375
0 0.1453125 0.11328125 0.10625 0.11953125
0 0.03125 0.13515625 0.0625 0.1671875
0 0.18515625 0.41015625 0.109375 0.19609375
0 0.05 0.46328125 0.09375 0.20703125
0 0.1265625 0.49609375 0.08828125 0.21328125
0 0.265625 0.69140625 0.1421875 0.13515625
0 0.746875 0.53046875 0.11640625 0.23984375
0 0.7671875 0.83984375 0.09375 0.25390625
0 0.70859375 0.71484375 0.125 0.1875
0 0.66640625 0.91015625 0.09921875 0.17890625
0 0.4796875 0.909375 0.10625 0.18125
0 0.3859375 0.890625 0.11484375 0.21875
0 0.3734375 0.715625 0.13671875 0.2046875
0 0.18984375 0.8890625 0.09765625 0.221875
0 0.14921875 0.77265625 0.1109375 0.20703125
0 0.07109375 0.7125 0.06796875 0.20625
0 0.040625 0.78046875 0.08125 0.25703125