0 0.90625 0.4265625 0.11640625 0.22890625
0 0.6765625 0.215625 0.08359375 0.221875
0 0.4078125 0.08984375 0.11953125 0.12890625
0 0.3828125 0.21484375 0.0921875 0.1390625
0 0.46640625 0.41171875 0.08984375 0.21015625
0 0.44609375 0.14765625 0.08515625 0.090625
0 0.4578125 0.26171875 0.11484375 0.128125
0 0.35546875 0.346875 0.08125 0.17578125
0 0.30078125 0.3453125 0.10546875 0.11953125
0 0.31875 0.45390625 0.11796875 0.14375
0 0.35078125 0.628125 0.08515625 0.28125
0 0.18984375 0.30859375 0.11796875 0.1421875
0 0.1453125 0.14765625 0.10625 0.11953125
0 0.03359375 0.1671875 0.0640625 0.14375
0 0.18515625 0.465625 0.109375 0.16484375
0 0.046875 0.49765625 0.09375 0.19140625
0 0.1265625 0.49609375 0.08828125 0.21328125
0 0.265625 0.73046875 0.1421875 0.13515625
0 0.71015625 0.46953125 0.11640625 0.23984375
0 0.765625 0.87265625 0.09375 0.25390625
0 0.70703125 0.7359375 0.125 0.1875
0 0.66640625 0.91015625 0.09921875 0.17890625
0 0.4796875 0.909375 0.10625 0.18125
0 0.3859375 0.890625 0.11484375 0.21875
0 0.440625 0.6890625 0.13671875 0.2046875
0 0.18984375 0.9203125 0.09765625 0.159375
0 0.14921875 0.77265625 0.1109375 0.20703125
0 0.07109375 0.72578125 0.06796875 0.17890625
0 0.040625 0.8015625 0.08125 0.25703125