0 0.14453125 0.75390625 0.1265625 0.159375
0 0.28671875 0.778125 0.10234375 0.159375
0 0.7109375 0.73515625 0.0921875 0.16875
0 0.86640625 0.796875 0.11953125 0.1421875
0 0.95546875 0.925 0.0890625 0.15
0 0.53515625 0.5890625 0.090625 0.18359375
0 0.6453125 0.70078125 0.109375 0.1265625
0 0.45546875 0.51640625 0.06953125 0.16328125
0 0.35625 0.50078125 0.08203125 0.171875
0 0.15234375 0.5890625 0.07421875 0.17734375
0 0.08671875 0.578125 0.08515625 0.128125
0 0.7453125 0.584375 0.10625 0.10625
0 0.88046875 0.634375 0.0765625 0.140625
0 0.9265625 0.55234375 0.0640625 0.13359375
0 0.94453125 0.4515625 0.08203125 0.090625
0 0.87109375 0.45390625 0.0796875 0.16640625
0 0.7671875 0.4640625 0.08203125 0.1265625
0 0.5921875 0.4515625 0.08515625 0.096875
0 0.5375 0.4453125 0.06640625 0.10390625
0 0.77890625 0.34765625 0.08359375 0.1109375
0 0.853125 0.34609375 0.05 0.06640625
0 0.959375 0.33828125 0.05234375 0.096875
0 0.696875 0.25390625 0.0609375 0.11328125
0 0.8375 0.23984375 0.07265625 0.10234375
0 0.884375 0.28359375 0.0609375 0.12109375
0 0.91796875 0.23125 0.07421875 0.0796875
0 0.55078125 0.28515625 0.08125 0.140625
0 0.453125 0.3625 0.0625 0.128125
0 0.4859375 0.2375 0.0625 0.1390625
0 0.396875 0.296875 0.05 0.15078125
0 0.45546875 0.2078125 0.0640625 0.16328125
0 0.34453125 0.35078125 0.05546875 0.128125
0 0.36171875 0.22890625 0.05234375 0.125
0 0.29140625 0.27421875 0.06796875 0.125
0 0.2578125 0.38515625 0.07265625 0.21328125
0 0.1765625 0.3875 0.0609375 0.16796875
0 0.12578125 0.3984375 0.109375 0.08125
0 0.07421875 0.43359375 0.08984375 0.16796875
0 0.21875 0.29453125 0.0453125 0.10390625
0 0.19609375 0.15859375 0.1109375 0.07265625
0 0.25 0.21953125 0.09375 0.08125
0 0.2703125 0.065625 0.078125 0.13125
0 0.3375 0.05625 0.05625 0.1125
0 0.47734375 0.07265625 0.0765625 0.09375
0 0.540625 0.16171875 0.04375 0.09375
0 0.60859375 0.209375 0.06640625 0.1265625
0 0.65234375 0.1890625 0.04140625 0.10546875
0 0.79140625 0.21484375 0.065625 0.14765625
0 0.89921875 0.1625 0.1078125 0.075
0 0.8609375 0.11640625 0.08515625 0.09921875
0 0.59609375 0.08046875 0.05 0.109375
0 0.62578125 0.08828125 0.02734375 0.128125