0 0.103125 0.48203125 0.10078125 0.23125
0 0.325 0.2734375 0.09375 0.203125
0 0.3765625 0.43359375 0.128125 0.215625
0 0.28828125 0.77890625 0.11328125 0.2203125
0 0.2328125 0.91015625 0.10546875 0.17890625
0 0.50234375 0.62890625 0.0921875 0.22265625
0 0.52890625 0.46875 0.08359375 0.221875
0 0.5578125 0.27578125 0.10078125 0.1421875
0 0.628125 0.31484375 0.1078125 0.12890625
0 0.57421875 0.42734375 0.08515625 0.17578125
0 0.6484375 0.40234375 0.09765625 0.175
0 0.70703125 0.4453125 0.10390625 0.09765625
0 0.69140625 0.575 0.10078125 0.190625
0 0.6484375 0.7171875 0.10078125 0.2671875
0 0.753125 0.79375 0.13046875 0.15625
0 0.85546875 0.840625 0.1109375 0.215625
0 0.9359375 0.8171875 0.07109375 0.24609375
0 0.975 0.846875 0.05 0.28984375
0 0.81796875 0.528125 0.096875 0.18203125
0 0.88828125 0.53046875 0.08125 0.22265625
0 0.95390625 0.56484375 0.078125 0.18046875
0 0.81015625 0.34140625 0.10078125 0.16875
0 0.8640625 0.21875 0.08359375 0.1390625
0 0.96875 0.23515625 0.0625 0.1265625
0 0.73828125 0.08671875 0.12109375 0.159375
0 0.64765625 0.0796875 0.08515625 0.159375