0 0.896875 0.48203125 0.10078125 0.23125
0 0.675 0.2734375 0.09375 0.203125
0 0.6234375 0.43359375 0.128125 0.215625
0 0.71171875 0.77890625 0.11328125 0.2203125
0 0.7671875 0.91015625 0.10546875 0.17890625
0 0.49765625 0.62890625 0.0921875 0.22265625
0 0.47109375 0.46875 0.08359375 0.221875
0 0.4421875 0.27578125 0.10078125 0.1421875
0 0.371875 0.31484375 0.1078125 0.12890625
0 0.42578125 0.42734375 0.08515625 0.17578125
0 0.3515625 0.40234375 0.09765625 0.175
0 0.29296875 0.4453125 0.10390625 0.09765625
0 0.30859375 0.575 0.10078125 0.190625
0 0.3515625 0.7171875 0.10078125 0.2671875
0 0.246875 0.79375 0.13046875 0.15625
0 0.14453125 0.840625 0.1109375 0.215625
0 0.0640625 0.8171875 0.07109375 0.24609375
0 0.025 0.846875 0.05 0.28984375
0 0.18203125 0.528125 0.096875 0.18203125
0 0.11171875 0.53046875 0.08125 0.22265625
0 0.04609375 0.56484375 0.078125 0.18046875
0 0.18984375 0.34140625 0.10078125 0.16875
0 0.1359375 0.21875 0.08359375 0.1390625
0 0.03125 0.23515625 0.0625 0.1265625
0 0.26171875 0.08671875 0.12109375 0.159375
0 0.35234375 0.0796875 0.08515625 0.159375