0 0.33671875 0.3578125 0.090625 0.215625
0 0.12109375 0.528125 0.090625 0.25
0 0.08984375 0.33203125 0.08125 0.21875
0 0.45625 0.3578125 0.11953125 0.22421875
0 0.2875 0.8265625 0.10390625 0.215625
0 0.478125 0.6375 0.078125 0.22734375
0 0.49765625 0.50859375 0.08125 0.23046875
0 0.56953125 0.49609375 0.09375 0.21484375
0 0.5671875 0.3140625 0.10625 0.15078125
0 0.62578125 0.3859375 0.08984375 0.13515625
0 0.6875 0.43515625 0.09375 0.1890625
0 0.709375 0.509375 0.0921875 0.109375
0 0.7 0.62265625 0.1078125 0.16640625
0 0.65 0.77265625 0.09765625 0.2671875
0 0.75 0.88203125 0.125 0.1734375
0 0.87109375 0.88984375 0.09765625 0.2203125
0 0.9375 0.87578125 0.08203125 0.23125
0 0.8265625 0.58203125 0.09921875 0.21328125
0 0.88515625 0.5796875 0.08203125 0.23828125
0 0.95546875 0.61953125 0.0890625 0.1859375
0 0.81015625 0.39140625 0.11796875 0.1890625
0 0.6578125 0.13984375 0.1109375 0.16328125
0 0.8875 0.12109375 0.128125 0.16875
0 0.86875 0.28984375 0.109375 0.11953125
0 0.97109375 0.3125 0.0578125 0.153125