0 0.66484375 0.465625 0.090625 0.215625
0 0.8140625 0.52578125 0.090625 0.25
0 0.81328125 0.11640625 0.08125 0.21875
0 0.34765625 0.325 0.109375 0.17890625
0 0.72734375 0.84921875 0.11640625 0.2328125
0 0.5328125 0.73125 0.09375 0.22734375
0 0.51640625 0.52265625 0.08125 0.23046875
0 0.41875 0.6015625 0.09375 0.21484375
0 0.43671875 0.453125 0.09765625 0.13671875
0 0.36875 0.46953125 0.08984375 0.13515625
0 0.3078125 0.54375 0.1125 0.159375
0 0.30546875 0.646875 0.1109375 0.109375
0 0.30703125 0.76328125 0.1078125 0.16640625
0 0.38125 0.83515625 0.09765625 0.2671875
0 0.25703125 0.95625 0.125 0.08515625
0 0.08203125 0.92734375 0.11953125 0.14453125
0 0.175 0.71015625 0.09921875 0.21328125
0 0.0921875 0.64609375 0.08203125 0.23828125
0 0.04453125 0.73671875 0.0890625 0.1859375
0 0.20390625 0.4625 0.11796875 0.1890625
0 0.3421875 0.19375 0.1109375 0.16328125
0 0.0484375 0.2453125 0.096875 0.165625
0 0.1328125 0.40234375 0.109375 0.11953125
0 0.02890625 0.4234375 0.0578125 0.153125
0 0.0390625 0.1 0.075 0.13515625