0 0.33203125 0.49453125 0.090625 0.215625
0 0.215625 0.52734375 0.090625 0.25
0 0.209375 0.109375 0.08125 0.21875
0 0.7265625 0.3609375 0.109375 0.17890625
0 0.27265625 0.84921875 0.11640625 0.2328125
0 0.46328125 0.75546875 0.09375 0.22734375
0 0.48359375 0.52265625 0.08125 0.23046875
0 0.58515625 0.66015625 0.09375 0.21484375
0 0.5578125 0.51171875 0.09765625 0.13671875
0 0.62265625 0.53359375 0.08984375 0.13515625
0 0.6921875 0.54375 0.1125 0.159375
0 0.703125 0.6609375 0.1109375 0.109375
0 0.6859375 0.80078125 0.1078125 0.16640625
0 0.615625 0.86640625 0.09765625 0.2671875
0 0.81640625 0.7640625 0.09921875 0.21328125
0 0.91328125 0.6875 0.08203125 0.23828125
0 0.95546875 0.78671875 0.0890625 0.1859375
0 0.79609375 0.4625 0.11796875 0.1890625
0 0.6546875 0.2859375 0.1109375 0.16328125
0 0.95078125 0.2765625 0.09765625 0.16640625
0 0.8703125 0.43359375 0.109375 0.11953125
0 0.97109375 0.4546875 0.0578125 0.153125
0 0.9625 0.15859375 0.075 0.13515625
0 0.10078125 0.090625 0.1078125 0.18125
0 0.87734375 0.04140625 0.140625 0.08203125