0 0.1078125 0.91796875 0.065625 0.096875
0 0.03515625 0.90078125 0.05703125 0.1421875
0 0.246875 0.953125 0.0625 0.09375
0 0.46328125 0.9296875 0.09921875 0.11796875
0 0.528125 0.9671875 0.096875 0.065625
0 0.60234375 0.9484375 0.0765625 0.103125
0 0.671875 0.921875 0.05078125 0.08203125
0 0.7 0.83984375 0.065625 0.08984375
0 0.62890625 0.69921875 0.11328125 0.07265625
0 0.7578125 0.62109375 0.0609375 0.078125
0 0.8515625 0.784375 0.05234375 0.09921875
0 0.840625 0.87734375 0.0453125 0.05859375
0 0.87265625 0.9640625 0.0765625 0.071875
0 0.8984375 0.89453125 0.05546875 0.08125
0 0.9578125 0.90625 0.03515625 0.121875
0 0.92109375 0.8109375 0.06640625 0.0625
0 0.9515625 0.73203125 0.08515625 0.08984375
0 0.1921875 0.73984375 0.06953125 0.128125
0 0.315625 0.63671875 0.065625 0.10625
0 0.43203125 0.63125 0.06796875 0.09765625
0 0.459375 0.5625 0.078125 0.07421875
0 0.525 0.5484375 0.05546875 0.125
0 0.621875 0.6125 0.0765625 0.1078125
0 0.93046875 0.5296875 0.059375 0.090625
0 0.8078125 0.53984375 0.0609375 0.09375
0 0.9796875 0.55 0.040625 0.1125
0 0.84296875 0.44921875 0.0640625 0.0953125
0 0.76015625 0.4671875 0.065625 0.0625
0 0.69375 0.49921875 0.05234375 0.09765625
0 0.64921875 0.5078125 0.03984375 0.08359375
0 0.62265625 0.5015625 0.04140625 0.08515625
0 0.58984375 0.49765625 0.0484375 0.09765625
0 0.49609375 0.4484375 0.05 0.08671875
0 0.3203125 0.45234375 0.04140625 0.10078125
0 0.47265625 0.37734375 0.05859375 0.0921875
0 0.590625 0.35390625 0.0484375 0.09375
0 0.81953125 0.31875 0.0625 0.05859375
0 0.92578125 0.3765625 0.0375 0.05625
0 0.9546875 0.4265625 0.0421875 0.05078125
0 0.97265625 0.3734375 0.0546875 0.06875
0 0.9125 0.25625 0.0359375 0.04453125
0 0.971875 0.271875 0.04453125 0.06484375
0 0.9171875 0.21484375 0.03359375 0.046875
0 0.89375 0.19140625 0.02265625 0.0578125
0 0.946875 0.1734375 0.02265625 0.0671875
0 0.9703125 0.146875 0.03125 0.06953125
0 0.8578125 0.16796875 0.021875 0.0625
0 0.82421875 0.14140625 0.03984375 0.07109375
0 0.821875 0.24921875 0.0328125 0.0640625
0 0.80625 0.22265625 0.0421875 0.0609375
0 0.72109375 0.2171875 0.02890625 0.06484375
0 0.6828125 0.225 0.0359375 0.08671875
0 0.64765625 0.24453125 0.0265625 0.05625
0 0.59765625 0.23671875 0.0484375 0.06953125
0 0.4703125 0.275 0.0453125 0.06953125
0 0.7796875 0.175 0.0375 0.046875
0 0.76640625 0.23125 0.0296875 0.05390625
0 0.715625 0.16875 0.0375 0.046875
0 0.69453125 0.140625 0.0484375 0.0484375
0 0.7171875 0.096875 0.040625 0.06640625
0 0.28046875 0.30859375 0.0609375 0.08203125
0 0.35859375 0.2265625 0.05625 0.06875
0 0.271875 0.17578125 0.06875 0.06015625
0 0.36484375 0.14921875 0.05625 0.07421875
0 0.4078125 0.19921875 0.0328125 0.07109375
0 0.43984375 0.203125 0.02890625 0.071875
0 0.47109375 0.21328125 0.03828125 0.05390625
0 0.51796875 0.18828125 0.02890625 0.06875
0 0.55546875 0.1890625 0.03359375 0.07421875
0 0.58515625 0.17578125 0.02890625 0.06484375
0 0.61328125 0.1625 0.0421875 0.05546875
0 0.54765625 0.1234375 0.03515625 0.0515625
0 0.24765625 0.0796875 0.0359375 0.0609375
0 0.31640625 0.13828125 0.03515625 0.06953125
0 0.1640625 0.20625 0.046875 0.04921875
0 0.134375 0.259375 0.046875 0.06484375
0 0.109375 0.259375 0.040625 0.0640625
0 0.0875 0.2859375 0.0359375 0.07421875
0 0.06015625 0.30078125 0.03125 0.07421875
0 0.02578125 0.30703125 0.0515625 0.08515625
0 0.76484375 0.1203125 0.0515625 0.06484375
0 0.8109375 0.08046875 0.0328125 0.053125
0 0.8375 0.07265625 0.025 0.04453125
0 0.853125 0.0953125 0.03984375 0.0265625
0 0.8671875 0.13125 0.03984375 0.03828125
0 0.9046875 0.128125 0.0265625 0.06875
0 0.1765625 0.52578125 0.0359375 0.06640625
0 0.11875 0.5890625 0.04453125 0.06953125
0 0.1484375 0.5546875 0.02734375 0.0609375
0 0.053125 0.6359375 0.046875 0.05546875
0 0.0703125 0.5796875 0.0515625 0.04921875
0 0.128125 0.52109375 0.0421875 0.03984375
0 0.0203125 0.5734375 0.040625 0.053125
0 0.01875 0.65078125 0.0375 0.0703125
0 0.096875 0.54140625 0.0328125 0.0421875
0 0.153125 0.478125 0.03984375 0.040625
0 0.103125 0.4921875 0.0328125 0.0375
0 0.10390625 0.465625 0.0609375 0.0421875