0 0.89921875 0.94921875 0.065625 0.096875
0 0.96484375 0.925 0.05703125 0.1421875
0 0.753125 0.953125 0.0625 0.09375
0 0.51953125 0.9578125 0.05546875 0.08125
0 0.3859375 0.95625 0.05625 0.0875
0 0.3296875 0.95859375 0.05078125 0.08203125
0 0.29375 0.85859375 0.065625 0.08984375
0 0.371875 0.740625 0.11328125 0.07265625
0 0.240625 0.66796875 0.06640625 0.10234375
0 0.15703125 0.8265625 0.05234375 0.09921875
0 0.16171875 0.91015625 0.0453125 0.05859375
0 0.12421875 0.9640625 0.0765625 0.071875
0 0.1 0.92578125 0.05546875 0.08125
0 0.0421875 0.90625 0.03515625 0.121875
0 0.07421875 0.83828125 0.06640625 0.0625
0 0.0484375 0.76796875 0.08515625 0.08984375
0 0.7859375 0.73828125 0.05546875 0.1109375
0 0.684375 0.6515625 0.065625 0.10625
0 0.53671875 0.6625 0.06796875 0.09765625
0 0.540625 0.59375 0.078125 0.07421875
0 0.4734375 0.565625 0.05546875 0.125
0 0.375 0.6421875 0.0765625 0.1078125
0 0.06796875 0.559375 0.059375 0.090625
0 0.1515625 0.55859375 0.0609375 0.09375
0 0.0203125 0.55 0.040625 0.1125
0 0.15703125 0.44921875 0.0640625 0.0953125
0 0.24296875 0.496875 0.065625 0.0625
0 0.3015625 0.5234375 0.05234375 0.09765625
0 0.35390625 0.5375 0.03984375 0.08359375
0 0.37734375 0.52734375 0.04140625 0.08515625
0 0.403125 0.521875 0.0484375 0.09765625
0 0.50390625 0.4484375 0.05 0.08671875
0 0.6171875 0.43359375 0.04140625 0.10078125
0 0.53046875 0.40390625 0.05859375 0.0921875
0 0.41015625 0.38671875 0.0484375 0.09375
0 0.1734375 0.353125 0.0625 0.05859375
0 0.06953125 0.40078125 0.0375 0.05625
0 0.0484375 0.4375 0.04921875 0.071875
0 0.02734375 0.390625 0.0546875 0.06875
0 0.07890625 0.28125 0.04140625 0.06875
0 0.021875 0.29921875 0.04375 0.0640625
0 0.0828125 0.21484375 0.03359375 0.046875
0 0.10625 0.19140625 0.02265625 0.0578125
0 0.0546875 0.1890625 0.02265625 0.0671875
0 0.0296875 0.16640625 0.03125 0.06953125
0 0.1375 0.19453125 0.0328125 0.0640625
0 0.1703125 0.17265625 0.03984375 0.07109375
0 0.1515625 0.271875 0.0328125 0.0640625
0 0.209375 0.2609375 0.0421875 0.0609375
0 0.27890625 0.24140625 0.02890625 0.06484375
0 0.31484375 0.24609375 0.0359375 0.08671875
0 0.34375 0.25625 0.03515625 0.0734375
0 0.3828125 0.23671875 0.0484375 0.06953125
0 0.534375 0.29375 0.0453125 0.06953125
0 0.234375 0.1546875 0.0375 0.05234375
0 0.2171875 0.19921875 0.0453125 0.06953125
0 0.440625 0.03125 0.0375 0.046875
0 0.3078125 0.1703125 0.0484375 0.0484375
0 0.27421875 0.11640625 0.040625 0.06640625
0 0.65859375 0.334375 0.0609375 0.08203125
0 0.640625 0.18984375 0.03203125 0.0484375
0 0.725 0.20546875 0.06875 0.06015625
0 0.62421875 0.17109375 0.046875 0.06171875
0 0.5921875 0.19921875 0.0328125 0.07109375
0 0.56015625 0.203125 0.02890625 0.071875
0 0.52890625 0.21328125 0.03828125 0.05390625
0 0.47734375 0.21015625 0.034375 0.1015625
0 0.44453125 0.2 0.03359375 0.07421875
0 0.41640625 0.2078125 0.02890625 0.06484375
0 0.38515625 0.190625 0.0421875 0.05546875
0 0.446875 0.140625 0.03515625 0.0515625
0 0.7453125 0.109375 0.0359375 0.0609375
0 0.68203125 0.1640625 0.03515625 0.06953125
0 0.84140625 0.22578125 0.046875 0.04921875
0 0.86484375 0.28359375 0.046875 0.06484375
0 0.8875 0.2984375 0.040625 0.0640625
0 0.9125 0.31328125 0.0359375 0.07421875
0 0.93828125 0.32578125 0.03125 0.07421875
0 0.97421875 0.33671875 0.0515625 0.08515625
0 0.4796875 0.0265625 0.046875 0.053125
0 0.19375 0.11171875 0.0328125 0.053125
0 0.15625 0.021875 0.025 0.04375
0 0.159375 0.10078125 0.0640625 0.0375
0 0.1328125 0.13125 0.03984375 0.03828125
0 0.0953125 0.128125 0.0265625 0.06875
0 0.8234375 0.52578125 0.0359375 0.06640625
0 0.88125 0.5890625 0.04453125 0.06953125
0 0.8515625 0.5546875 0.02734375 0.0609375
0 0.946875 0.6359375 0.046875 0.05546875
0 0.9296875 0.5796875 0.0515625 0.04921875
0 0.871875 0.52109375 0.0421875 0.03984375
0 0.9796875 0.5734375 0.040625 0.053125
0 0.98125 0.6515625 0.0375 0.06953125
0 0.903125 0.54140625 0.0328125 0.0421875
0 0.846875 0.478125 0.03984375 0.040625
0 0.896875 0.4921875 0.0328125 0.0375
0 0.89609375 0.465625 0.0609375 0.0421875
0 0.6859375 0.53515625 0.03671875 0.09765625
0 0.88125 0.84921875 0.0640625 0.10234375
0 0.9546875 0.7984375 0.059375 0.10234375
0 0.55 0.83359375 0.04296875 0.1078125
0 0.6375 0.03125 0.04375 0.0625
0 0.57890625 0.0359375 0.05 0.06640625