0 0.10078125 0.94921875 0.065625 0.096875
0 0.03515625 0.925 0.05703125 0.1421875
0 0.48046875 0.9578125 0.05546875 0.08125
0 0.6140625 0.95625 0.05625 0.0875
0 0.6703125 0.95859375 0.05078125 0.08203125
0 0.71875 0.8859375 0.0546875 0.075
0 0.63125 0.7609375 0.11328125 0.07265625
0 0.759375 0.66796875 0.06640625 0.10234375
0 0.84921875 0.84375 0.05234375 0.09921875
0 0.83828125 0.91015625 0.0453125 0.05859375
0 0.87578125 0.9640625 0.0765625 0.071875
0 0.9 0.92578125 0.05546875 0.08125
0 0.95234375 0.9359375 0.03515625 0.121875
0 0.92421875 0.85859375 0.06640625 0.0625
0 0.9578125 0.7875 0.084375 0.090625
0 0.253125 0.7484375 0.07109375 0.1109375
0 0.315625 0.6515625 0.065625 0.10625
0 0.46328125 0.6625 0.06796875 0.09765625
0 0.459375 0.59375 0.078125 0.07421875
0 0.5265625 0.565625 0.05546875 0.125
0 0.625 0.6421875 0.0765625 0.1078125
0 0.9296875 0.58359375 0.059375 0.090625
0 0.859375 0.5703125 0.0609375 0.09375
0 0.97578125 0.5921875 0.04140625 0.05546875
0 0.84453125 0.49296875 0.0640625 0.0953125
0 0.75703125 0.496875 0.065625 0.0625
0 0.6984375 0.5234375 0.05234375 0.09765625
0 0.64609375 0.5375 0.03984375 0.08359375
0 0.62265625 0.52734375 0.04140625 0.08515625
0 0.596875 0.521875 0.0484375 0.09765625
0 0.49609375 0.49609375 0.05 0.08671875
0 0.42265625 0.4265625 0.04140625 0.10078125
0 0.471875 0.43203125 0.05859375 0.0921875
0 0.584375 0.41640625 0.0484375 0.09375
0 0.82578125 0.36640625 0.0625 0.05859375
0 0.93046875 0.40078125 0.0375 0.05625
0 0.9515625 0.4375 0.04921875 0.071875
0 0.97265625 0.390625 0.0546875 0.06875
0 0.92109375 0.28125 0.04140625 0.06875
0 0.978125 0.29921875 0.04375 0.0640625
0 0.9171875 0.21484375 0.03359375 0.046875
0 0.89453125 0.24140625 0.02265625 0.0578125
0 0.94140625 0.20703125 0.02265625 0.0671875
0 0.97109375 0.196875 0.03125 0.06953125
0 0.8625 0.19453125 0.0328125 0.0640625
0 0.8296875 0.17265625 0.03984375 0.07109375
0 0.86015625 0.2890625 0.0328125 0.0640625
0 0.79609375 0.2828125 0.0421875 0.0609375
0 0.7234375 0.271875 0.02890625 0.06484375
0 0.68515625 0.24609375 0.0359375 0.08671875
0 0.65625 0.25625 0.03515625 0.0734375
0 0.6171875 0.23671875 0.0484375 0.06953125
0 0.4703125 0.32890625 0.0453125 0.06953125
0 0.765625 0.1546875 0.0375 0.05234375
0 0.7828125 0.19921875 0.0453125 0.06953125
0 0.5640625 0.04765625 0.0375 0.046875
0 0.715625 0.22421875 0.0484375 0.0484375
0 0.725 0.146875 0.040625 0.06640625
0 0.378125 0.35078125 0.0609375 0.08203125
0 0.3609375 0.21484375 0.03203125 0.0484375
0 0.2765625 0.2265625 0.06875 0.06015625
0 0.37265625 0.18984375 0.04375 0.053125
0 0.4078125 0.26953125 0.0328125 0.07109375
0 0.44375 0.25 0.02890625 0.071875
0 0.475 0.26171875 0.03828125 0.05390625
0 0.52265625 0.21015625 0.034375 0.1015625
0 0.55625 0.22890625 0.03359375 0.07421875
0 0.58359375 0.2375 0.03125 0.06640625
0 0.61484375 0.190625 0.0421875 0.05546875
0 0.553125 0.140625 0.03515625 0.0515625
0 0.25625 0.125 0.0359375 0.0609375
0 0.32265625 0.19375 0.03515625 0.06953125
0 0.15546875 0.25 0.046875 0.04921875
0 0.13671875 0.31796875 0.046875 0.06484375
0 0.1109375 0.321875 0.040625 0.0640625
0 0.0875 0.3359375 0.0359375 0.07421875
0 0.06328125 0.3484375 0.03125 0.07421875
0 0.02578125 0.35859375 0.0515625 0.08515625
0 0.5234375 0.046875 0.04765625 0.05390625
0 0.80625 0.11171875 0.0328125 0.053125
0 0.84296875 0.0328125 0.025 0.04453125
0 0.840625 0.10078125 0.0640625 0.0375
0 0.8671875 0.13125 0.03984375 0.03828125
0 0.9 0.1484375 0.0359375 0.109375
0 0.178125 0.58515625 0.0359375 0.06640625
0 0.1140625 0.6484375 0.04453125 0.06953125
0 0.14453125 0.61328125 0.02734375 0.0609375
0 0.0546875 0.684375 0.046875 0.05546875
0 0.06875 0.63515625 0.0515625 0.04921875
0 0.13125 0.53203125 0.04921875 0.046875
0 0.0203125 0.6359375 0.040625 0.053125
0 0.01875 0.6953125 0.0375 0.06953125
0 0.13203125 0.57578125 0.0328125 0.0421875
0 0.09453125 0.5203125 0.046875 0.0515625
0 0.3140625 0.53515625 0.03671875 0.09765625
0 0.159375 0.84609375 0.0640625 0.10234375
0 0.078125 0.78671875 0.06171875 0.10859375
0 0.46015625 0.81484375 0.04296875 0.1078125
0 0.3625 0.03125 0.04375 0.0625
0 0.42109375 0.0359375 0.05 0.06640625
0 0.69375 0.1953125 0.03984375 0.04921875