0 0.94609375 0.95390625 0.10234375 0.0921875
0 0.48203125 0.79765625 0.05859375 0.10078125
0 0.67109375 0.746875 0.08515625 0.05078125
0 0.82421875 0.7203125 0.0484375 0.0984375
0 0.5625 0.68671875 0.03828125 0.0921875
0 0.528125 0.66953125 0.04453125 0.0671875
0 0.46484375 0.61328125 0.04453125 0.1109375
0 0.48984375 0.53203125 0.03984375 0.08515625
0 0.571875 0.5265625 0.046875 0.08671875
0 0.5171875 0.48046875 0.0640625 0.071875
0 0.415625 0.4703125 0.0515625 0.08984375
0 0.42265625 0.6109375 0.0375 0.06640625
0 0.38125 0.6078125 0.0515625 0.06953125
0 0.421875 0.68984375 0.071875 0.09609375
0 0.35546875 0.61328125 0.04296875 0.0875
0 0.353125 0.69375 0.071875 0.06640625
0 0.37421875 0.76015625 0.078125 0.046875
0 0.365625 0.8328125 0.1109375 0.09609375
0 0.2125 0.73125 0.06640625 0.0921875
0 0.290625 0.609375 0.0359375 0.09609375
0 0.259375 0.5875 0.03359375 0.06875
0 0.22890625 0.58828125 0.0421875 0.06640625
0 0.15234375 0.896875 0.046875 0.084375
0 0.0359375 0.96015625 0.03125 0.0796875
0 0.0734375 0.9296875 0.05546875 0.0875
0 0.0265625 0.8578125 0.053125 0.103125
0 0.06484375 0.6453125 0.0578125 0.09140625
0 0.01796875 0.6734375 0.0359375 0.1078125
0 0.10546875 0.5953125 0.053125 0.103125
0 0.15234375 0.56796875 0.0578125 0.1140625
0 0.0421875 0.55234375 0.04296875 0.06484375
0 0.16484375 0.43515625 0.05546875 0.0921875
0 0.07265625 0.48359375 0.04453125 0.0609375
0 0.03359375 0.47109375 0.05078125 0.0765625
0 0.15390625 0.1 0.025 0.0609375
0 0.26171875 0.03984375 0.0328125 0.0359375
0 0.30390625 0.040625 0.021875 0.03515625
0 0.41875 0.1015625 0.02734375 0.05546875
0 0.4671875 0.115625 0.03984375 0.0578125
0 0.56953125 0.109375 0.0328125 0.05625
0 0.54375 0.08984375 0.0296875 0.0578125
0 0.63984375 0.0984375 0.0375 0.06015625
0 0.7375 0.1890625 0.0359375 0.06484375
0 0.70546875 0.059375 0.0296875 0.04921875
0 0.54140625 0.0515625 0.02890625 0.04921875
0 0.48828125 0.046875 0.03125 0.04296875
0 0.35546875 0.02734375 0.0578125 0.0546875
0 0.31015625 0.0203125 0.02890625 0.0359375
0 0.221875 0.02109375 0.046875 0.0421875
0 0.45703125 0.4125 0.07421875 0.09609375
0 0.7171875 0.29296875 0.046875 0.04453125
0 0.11171875 0.17890625 0.03125 0.053125
0 0.15625 0.18359375 0.0359375 0.05390625
0 0.1859375 0.184375 0.0265625 0.04453125
0 0.27578125 0.19375 0.0375 0.05546875
0 0.02734375 0.24296875 0.03359375 0.0671875
0 0.0609375 0.2484375 0.02265625 0.05625
0 0.0921875 0.240625 0.02421875 0.06015625
0 0.04921875 0.32890625 0.0484375 0.08046875
0 0.1046875 0.35 0.05390625 0.0609375
0 0.021875 0.3890625 0.04375 0.05625
0 0.203125 0.33828125 0.03984375 0.0515625
0 0.2296875 0.34140625 0.0375 0.05859375
0 0.1046875 0.284375 0.0359375 0.0515625
0 0.0671875 0.2984375 0.03359375 0.05390625
0 0.1390625 0.265625 0.03359375 0.07421875
0 0.2109375 0.2734375 0.0421875 0.05390625
0 0.27421875 0.33125 0.03125 0.053125
0 0.1703125 0.2609375 0.02890625 0.05546875
0 0.23359375 0.23046875 0.04921875 0.0609375
0 0.28515625 0.2796875 0.03125 0.0375
0 0.315625 0.33359375 0.0328125 0.0765625
0 0.30546875 0.2546875 0.03828125 0.0546875
0 0.35 0.2875 0.0375 0.0765625
0 0.38203125 0.2671875 0.03828125 0.05078125
0 0.4078125 0.28046875 0.025 0.0875
0 0.43125 0.27890625 0.03125 0.08203125
0 0.47265625 0.2890625 0.04453125 0.0828125
0 0.5125 0.284375 0.03984375 0.04453125
0 0.54296875 0.33046875 0.06484375 0.0625
0 0.634375 0.26953125 0.03359375 0.0609375
0 0.6203125 0.24453125 0.03984375 0.0328125
0 0.59140625 0.321875 0.03515625 0.05703125
0 0.57578125 0.2828125 0.0484375 0.02421875
0 0.83046875 0.32734375 0.046875 0.0359375
0 0.85 0.30390625 0.05390625 0.03984375
0 0.8578125 0.3609375 0.03515625 0.046875
0 0.88359375 0.36953125 0.0265625 0.07109375
0 0.90390625 0.39296875 0.03828125 0.08203125
0 0.940625 0.41015625 0.02734375 0.06953125
0 0.978125 0.409375 0.03984375 0.08046875
0 0.98515625 0.7578125 0.0296875 0.0734375
0 0.94453125 0.73984375 0.05078125 0.0640625
0 0.88125 0.69921875 0.03984375 0.06484375
0 0.92578125 0.6890625 0.0484375 0.040625
0 0.85390625 0.66875 0.02734375 0.05625
0 0.8234375 0.6328125 0.0359375 0.0609375
0 0.86796875 0.6265625 0.0359375 0.0453125
0 0.84609375 0.5875 0.0453125 0.03828125
0 0.89453125 0.57421875 0.05390625 0.04453125
0 0.665625 0.25078125 0.0375 0.0609375
0 0.6875 0.80859375 0.07109375 0.078125