0 0.1484375 0.16640625 0.03125 0.05546875
0 0.25234375 0.11484375 0.0296875 0.04296875
0 0.29609375 0.103125 0.02734375 0.06015625
0 0.36015625 0.08984375 0.04609375 0.0515625
0 0.303125 0.0453125 0.03515625 0.0734375
0 0.3296875 0.0421875 0.0296875 0.06328125
0 0.26640625 0.0453125 0.0359375 0.065625
0 0.23515625 0.0640625 0.040625 0.0421875
0 0.215625 0.05 0.0390625 0.06328125
0 0.18046875 0.034375 0.028125 0.03984375
0 0.1234375 0.05703125 0.0546875 0.05546875
0 0.07421875 0.059375 0.03828125 0.04765625
0 0.4078125 0.1328125 0.03125 0.046875
0 0.46640625 0.15703125 0.0515625 0.05078125
0 0.5640625 0.15078125 0.03046875 0.0734375
0 0.53125 0.1375 0.03515625 0.05
0 0.63359375 0.1625 0.03046875 0.059375
0 0.69453125 0.10234375 0.034375 0.06171875
0 0.67734375 0.040625 0.03828125 0.040625
0 0.48125 0.08515625 0.04375 0.04296875
0 0.50625 0.0515625 0.0390625 0.046875
0 0.7265625 0.24921875 0.0390625 0.0609375
0 0.70703125 0.35234375 0.0453125 0.04765625
0 0.6609375 0.3265625 0.0328125 0.0765625
0 0.61328125 0.31875 0.04375 0.0375
0 0.634375 0.3328125 0.0375 0.0453125
0 0.58671875 0.3578125 0.03046875 0.0765625
0 0.8234375 0.37734375 0.04765625 0.03515625
0 0.84453125 0.346875 0.046875 0.046875
0 0.51953125 0.44609375 0.0375 0.06328125
0 0.44921875 0.28359375 0.040625 0.04375
0 0.403125 0.303125 0.0265625 0.0546875
0 0.4203125 0.328125 0.0171875 0.0609375
0 0.37578125 0.3171875 0.0375 0.04375
0 0.46171875 0.3328125 0.03125 0.0640625
0 0.49453125 0.3703125 0.0421875 0.04296875
0 0.5171875 0.35859375 0.0484375 0.07421875
0 0.5515625 0.3625 0.03828125 0.06875
0 0.85390625 0.415625 0.0359375 0.05078125
0 0.8828125 0.4171875 0.0390625 0.0921875
0 0.89765625 0.45546875 0.0390625 0.08515625
0 0.93515625 0.48125 0.034375 0.0734375
0 0.9734375 0.478125 0.0453125 0.07890625
0 0.85546875 0.50625 0.05 0.07890625
0 0.4078125 0.45703125 0.05546875 0.0703125
0 0.40859375 0.53046875 0.05 0.07890625
0 0.5375 0.5265625 0.03984375 0.078125
0 0.509375 0.540625 0.0640625 0.065625
0 0.475 0.5734375 0.05078125 0.06875
0 0.44609375 0.6421875 0.040625 0.0859375
0 0.33046875 0.4328125 0.05078125 0.05
0 0.30625 0.371875 0.03203125 0.071875
0 0.3359375 0.31953125 0.0328125 0.075
0 0.29765625 0.30703125 0.040625 0.065625
0 0.28046875 0.33671875 0.0484375 0.04609375
0 0.27265625 0.3796875 0.028125 0.0765625
0 0.2671875 0.2609375 0.03828125 0.06328125
0 0.2328125 0.284375 0.034375 0.06875
0 0.22421875 0.38828125 0.0265625 0.05
0 0.18671875 0.3953125 0.03984375 0.0609375
0 0.16796875 0.24296875 0.0375 0.0515625
0 0.14453125 0.2375 0.0328125 0.05546875
0 0.18125 0.27578125 0.0515625 0.03984375
0 0.20390625 0.33359375 0.0484375 0.065625
0 0.159375 0.31953125 0.02421875 0.059375
0 0.13828125 0.3234375 0.02421875 0.078125
0 0.1125 0.28671875 0.02265625 0.06328125
0 0.090625 0.290625 0.02734375 0.04296875
0 0.10390625 0.346875 0.03203125 0.0625
0 0.090625 0.39140625 0.05 0.059375
0 0.0640625 0.30078125 0.03984375 0.0453125
0 0.0265625 0.30078125 0.034375 0.053125
0 0.071875 0.34296875 0.0375 0.04765625
0 0.03046875 0.38359375 0.0359375 0.06875
0 0.01953125 0.44375 0.0390625 0.0765625
0 0.140625 0.49296875 0.05078125 0.0640625
0 0.06328125 0.5421875 0.034375 0.06875
0 0.0296875 0.528125 0.046875 0.06328125
0 0.03984375 0.6 0.03671875 0.07109375
0 0.07421875 0.61953125 0.053125 0.08671875
0 0.1390625 0.63671875 0.0546875 0.096875
0 0.0671875 0.71328125 0.05625 0.0875
0 0.021875 0.7546875 0.04375 0.0875
0 0.190625 0.79453125 0.0703125 0.08984375
0 0.14921875 0.95625 0.04765625 0.0859375
0 0.06796875 0.97265625 0.0578125 0.0546875
0 0.03984375 0.90703125 0.06953125 0.0671875
0 0.353125 0.9046875 0.0703125 0.06875
0 0.38515625 0.89296875 0.059375 0.075
0 0.3734375 0.8296875 0.0734375 0.05
0 0.46796875 0.83359375 0.0609375 0.10078125
0 0.01796875 0.93359375 0.0359375 0.0859375
0 0.353125 0.79609375 0.03828125 0.06875
0 0.34453125 0.75078125 0.07734375 0.0578125
0 0.29375 0.703125 0.0625 0.071875
0 0.22109375 0.64296875 0.0359375 0.0515625
0 0.25078125 0.64375 0.0390625 0.0546875
0 0.290625 0.646875 0.053125 0.06328125
0 0.34453125 0.678125 0.03984375 0.0828125
0 0.375 0.6765625 0.05625 0.08515625
0 0.409375 0.66484375 0.05390625 0.103125
0 0.53984375 0.73828125 0.07421875 0.0953125
0 0.615625 0.78203125 0.0625 0.06953125
0 0.63203125 0.84765625 0.06640625 0.09765625
0 0.68671875 0.8109375 0.0765625 0.1
0 0.82109375 0.690625 0.03828125 0.06171875
0 0.85 0.72578125 0.03515625 0.0921875
0 0.88359375 0.75859375 0.04375 0.07734375
0 0.93203125 0.7796875 0.05390625 0.0921875
0 0.98046875 0.81328125 0.0390625 0.0828125
0 0.87578125 0.640625 0.0875 0.05625