0 0.8515625 0.16640625 0.03125 0.05546875
0 0.74765625 0.11484375 0.0296875 0.04296875
0 0.70390625 0.103125 0.02734375 0.06015625
0 0.63984375 0.08984375 0.04609375 0.0515625
0 0.696875 0.0453125 0.03515625 0.0734375
0 0.6703125 0.0421875 0.0296875 0.06328125
0 0.73359375 0.0453125 0.0359375 0.065625
0 0.76484375 0.0640625 0.040625 0.0421875
0 0.784375 0.05 0.0390625 0.06328125
0 0.81953125 0.034375 0.028125 0.03984375
0 0.8765625 0.05703125 0.0546875 0.05546875
0 0.92578125 0.059375 0.03828125 0.04765625
0 0.5921875 0.1328125 0.03125 0.046875
0 0.53359375 0.15703125 0.0515625 0.05078125
0 0.4359375 0.15078125 0.03046875 0.0734375
0 0.46875 0.1375 0.03515625 0.05
0 0.36640625 0.1625 0.03046875 0.059375
0 0.30546875 0.10234375 0.034375 0.06171875
0 0.32265625 0.040625 0.03828125 0.040625
0 0.51875 0.08515625 0.04375 0.04296875
0 0.49375 0.0515625 0.0390625 0.046875
0 0.2734375 0.24921875 0.0390625 0.0609375
0 0.29296875 0.35234375 0.0453125 0.04765625
0 0.3390625 0.3265625 0.0328125 0.0765625
0 0.38671875 0.31875 0.04375 0.0375
0 0.365625 0.3328125 0.0375 0.0453125
0 0.41328125 0.3578125 0.03046875 0.0765625
0 0.1765625 0.37734375 0.04765625 0.03515625
0 0.15546875 0.346875 0.046875 0.046875
0 0.48046875 0.44609375 0.0375 0.06328125
0 0.55078125 0.28359375 0.040625 0.04375
0 0.596875 0.303125 0.0265625 0.0546875
0 0.5796875 0.328125 0.0171875 0.0609375
0 0.62421875 0.3171875 0.0375 0.04375
0 0.53828125 0.3328125 0.03125 0.0640625
0 0.50546875 0.3703125 0.0421875 0.04296875
0 0.4828125 0.35859375 0.0484375 0.07421875
0 0.4484375 0.3625 0.03828125 0.06875
0 0.14609375 0.415625 0.0359375 0.05078125
0 0.1171875 0.4171875 0.0390625 0.0921875
0 0.10234375 0.45546875 0.0390625 0.08515625
0 0.06484375 0.48125 0.034375 0.0734375
0 0.0265625 0.478125 0.0453125 0.07890625
0 0.14453125 0.50625 0.05 0.07890625
0 0.5921875 0.45703125 0.05546875 0.0703125
0 0.59140625 0.53046875 0.05 0.07890625
0 0.4625 0.5265625 0.03984375 0.078125
0 0.490625 0.540625 0.0640625 0.065625
0 0.525 0.5734375 0.05078125 0.06875
0 0.55390625 0.6421875 0.040625 0.0859375
0 0.66953125 0.4328125 0.05078125 0.05
0 0.69375 0.371875 0.03203125 0.071875
0 0.6640625 0.31953125 0.0328125 0.075
0 0.70234375 0.30703125 0.040625 0.065625
0 0.71953125 0.33671875 0.0484375 0.04609375
0 0.72734375 0.3796875 0.028125 0.0765625
0 0.7328125 0.2609375 0.03828125 0.06328125
0 0.7671875 0.284375 0.034375 0.06875
0 0.77578125 0.38828125 0.0265625 0.05
0 0.81328125 0.3953125 0.03984375 0.0609375
0 0.83203125 0.24296875 0.0375 0.0515625
0 0.85546875 0.2375 0.0328125 0.05546875
0 0.81875 0.27578125 0.0515625 0.03984375
0 0.79609375 0.33359375 0.0484375 0.065625
0 0.840625 0.31953125 0.02421875 0.059375
0 0.86171875 0.3234375 0.02421875 0.078125
0 0.8875 0.28671875 0.02265625 0.06328125
0 0.909375 0.290625 0.02734375 0.04296875
0 0.89609375 0.346875 0.03203125 0.0625
0 0.909375 0.39140625 0.05 0.059375
0 0.9359375 0.30078125 0.03984375 0.0453125
0 0.9734375 0.30078125 0.034375 0.053125
0 0.928125 0.34296875 0.0375 0.04765625
0 0.96953125 0.38359375 0.0359375 0.06875
0 0.98046875 0.44375 0.0390625 0.0765625
0 0.859375 0.49296875 0.05078125 0.0640625
0 0.93671875 0.5421875 0.034375 0.06875
0 0.9703125 0.528125 0.046875 0.06328125
0 0.96015625 0.6 0.03671875 0.07109375
0 0.92578125 0.61953125 0.053125 0.08671875
0 0.8609375 0.63671875 0.0546875 0.096875
0 0.9328125 0.71328125 0.05625 0.0875
0 0.978125 0.7546875 0.04375 0.0875
0 0.809375 0.79453125 0.0703125 0.08984375
0 0.85078125 0.95625 0.04765625 0.0859375
0 0.93203125 0.97265625 0.0578125 0.0546875
0 0.96015625 0.90703125 0.06953125 0.0671875
0 0.646875 0.9046875 0.0703125 0.06875
0 0.61484375 0.89296875 0.059375 0.075
0 0.6265625 0.8296875 0.0734375 0.05
0 0.53203125 0.83359375 0.0609375 0.10078125
0 0.98203125 0.93359375 0.0359375 0.0859375
0 0.646875 0.79609375 0.03828125 0.06875
0 0.65546875 0.75078125 0.07734375 0.0578125
0 0.70625 0.703125 0.0625 0.071875
0 0.77890625 0.64296875 0.0359375 0.0515625
0 0.74921875 0.64375 0.0390625 0.0546875
0 0.709375 0.646875 0.053125 0.06328125
0 0.65546875 0.678125 0.03984375 0.0828125
0 0.625 0.6765625 0.05625 0.08515625
0 0.590625 0.66484375 0.05390625 0.103125
0 0.46015625 0.73828125 0.07421875 0.0953125
0 0.384375 0.78203125 0.0625 0.06953125
0 0.36796875 0.84765625 0.06640625 0.09765625
0 0.31328125 0.8109375 0.0765625 0.1
0 0.17890625 0.690625 0.03828125 0.06171875
0 0.15 0.72578125 0.03515625 0.0921875
0 0.11640625 0.75859375 0.04375 0.07734375
0 0.06796875 0.7796875 0.05390625 0.0921875
0 0.01953125 0.81328125 0.0390625 0.0828125
0 0.12421875 0.640625 0.0875 0.05625