0 0.85234375 0.1703125 0.03125 0.0625
0 0.74375 0.125 0.03828125 0.040625
0 0.9328125 0.065625 0.04296875 0.05859375
0 0.87890625 0.06875 0.05859375 0.053125
0 0.821875 0.059375 0.0234375 0.0453125
0 0.70234375 0.12578125 0.03125 0.046875
0 0.78984375 0.07734375 0.0265625 0.05859375
0 0.77109375 0.09296875 0.03046875 0.06015625
0 0.7359375 0.08046875 0.03046875 0.06171875
0 0.7015625 0.08046875 0.0390625 0.0671875
0 0.66953125 0.071875 0.03203125 0.05859375
0 0.6453125 0.10078125 0.046875 0.053125
0 0.60703125 0.15703125 0.034375 0.06171875
0 0.54375 0.19375 0.053125 0.0671875
0 0.53046875 0.11875 0.0328125 0.0453125
0 0.43828125 0.1765625 0.03046875 0.06171875
0 0.47109375 0.16484375 0.0359375 0.0484375
0 0.5140625 0.10625 0.03828125 0.053125
0 0.49375 0.08203125 0.03515625 0.040625
0 0.46015625 0.02734375 0.03125 0.0328125
0 0.32890625 0.07265625 0.0375 0.0578125
0 0.309375 0.128125 0.03515625 0.05390625
0 0.36171875 0.17265625 0.04375 0.065625
0 0.26640625 0.25703125 0.0421875 0.06171875
0 0.290625 0.3640625 0.05 0.053125
0 0.3390625 0.33125 0.040625 0.06875
0 0.36640625 0.3578125 0.034375 0.05625
0 0.38671875 0.32421875 0.05078125 0.0484375
0 0.41328125 0.403125 0.03984375 0.046875
0 0.4515625 0.38828125 0.0234375 0.07109375
0 0.428125 0.3546875 0.0578125 0.046875
0 0.47734375 0.4015625 0.034375 0.0625
0 0.5203125 0.4078125 0.034375 0.06640625
0 0.540625 0.37734375 0.0328125 0.075
0 0.58359375 0.35234375 0.03828125 0.06875
0 0.62421875 0.3546875 0.0421875 0.0578125
0 0.66328125 0.3453125 0.034375 0.0796875
0 0.690625 0.40078125 0.0328125 0.0671875
0 0.7 0.303125 0.03515625 0.04375
0 0.73125 0.278125 0.0328125 0.0515625
0 0.7140625 0.33671875 0.040625 0.0484375
0 0.725 0.365625 0.0390625 0.0484375
0 0.73125 0.4015625 0.04375 0.05078125
0 0.7234375 0.4625 0.0609375 0.05078125
0 0.78046875 0.41640625 0.02734375 0.05
0 0.81171875 0.40859375 0.0359375 0.06328125
0 0.790625 0.3703125 0.05390625 0.0328125
0 0.803125 0.34453125 0.04296875 0.0359375
0 0.77265625 0.31640625 0.03984375 0.0703125
0 0.81953125 0.2640625 0.025 0.04609375
0 0.865625 0.26640625 0.0671875 0.05859375
0 0.8625 0.353125 0.0296875 0.0796875
0 0.84453125 0.34453125 0.03203125 0.06953125
0 0.9 0.36796875 0.02734375 0.0578125
0 0.915625 0.41953125 0.053125 0.0671875
0 0.9359375 0.34453125 0.03515625 0.0609375
0 0.9125 0.31875 0.0234375 0.04765625
0 0.97734375 0.4125 0.03203125 0.06328125
0 0.859375 0.5046875 0.05625 0.0765625
0 0.85234375 0.03203125 0.0328125 0.03984375
0 0.60078125 0.4828125 0.053125 0.08515625
0 0.5921875 0.56171875 0.04296875 0.08125
0 0.47734375 0.46328125 0.0578125 0.07109375
0 0.496875 0.575 0.05 0.06953125
0 0.49296875 0.51484375 0.05078125 0.053125
0 0.534375 0.59296875 0.0375 0.08125
0 0.97734375 0.565625 0.0453125 0.08125
0 0.94453125 0.5734375 0.046875 0.06875
0 0.86015625 0.64921875 0.06171875 0.09296875
0 0.95 0.646875 0.06328125 0.0859375
0 0.16171875 0.49921875 0.03984375 0.071875
0 0.1734375 0.39140625 0.0421875 0.0484375
0 0.1515625 0.378125 0.04765625 0.05390625
0 0.14140625 0.4421875 0.034375 0.0375
0 0.11015625 0.47109375 0.040625 0.0828125
0 0.0671875 0.49375 0.03125 0.06640625
0 0.03046875 0.4984375 0.05078125 0.0703125
0 0.975 0.371875 0.05 0.046875
0 0.9390625 0.7359375 0.053125 0.0828125
0 0.98046875 0.7703125 0.0390625 0.0875
0 0.8171875 0.80078125 0.06171875 0.0859375
0 0.78125 0.71953125 0.05625 0.09375
0 0.71015625 0.70078125 0.05546875 0.10234375
0 0.7640625 0.6671875 0.059375 0.053125
0 0.65 0.71015625 0.04765625 0.075
0 0.61953125 0.70859375 0.05 0.08515625
0 0.5953125 0.696875 0.053125 0.08515625
0 0.56171875 0.671875 0.0515625 0.103125
0 0.6453125 0.81328125 0.0375 0.06953125
0 0.6609375 0.790625 0.05390625 0.07109375
0 0.9625 0.9234375 0.0484375 0.06953125
0 0.646875 0.92109375 0.06640625 0.07890625
0 0.6125 0.90234375 0.05078125 0.0609375
0 0.6328125 0.86328125 0.0796875 0.040625
0 0.53828125 0.86640625 0.059375 0.109375
0 0.4828125 0.75390625 0.0453125 0.06875
0 0.4484375 0.75234375 0.0375 0.06953125
0 0.42890625 0.80703125 0.06875 0.05
0 0.4125 0.8625 0.0515625 0.0734375
0 0.45390625 0.96171875 0.0453125 0.0765625
0 0.315625 0.8390625 0.07421875 0.10546875
0 0.0765625 0.9359375 0.0640625 0.128125
0 0.02109375 0.846875 0.0421875 0.090625
0 0.05859375 0.8296875 0.05078125 0.05546875
0 0.06953125 0.7921875 0.0546875 0.05859375
0 0.0234375 0.77421875 0.0375 0.065625
0 0.121875 0.7828125 0.0453125 0.06171875
0 0.15 0.7546875 0.0359375 0.0578125
0 0.18046875 0.721875 0.03046875 0.0546875
0 0.13984375 0.7140625 0.0421875 0.03984375
0 0.13359375 0.6734375 0.08203125 0.04609375