0 0.14765625 0.1703125 0.03125 0.0625
0 0.25625 0.125 0.03828125 0.040625
0 0.0671875 0.065625 0.04296875 0.05859375
0 0.12109375 0.06875 0.05859375 0.053125
0 0.178125 0.059375 0.0234375 0.0453125
0 0.29765625 0.12578125 0.03125 0.046875
0 0.21015625 0.07734375 0.0265625 0.05859375
0 0.22890625 0.09296875 0.03046875 0.06015625
0 0.2640625 0.08046875 0.03046875 0.06171875
0 0.2984375 0.08046875 0.0390625 0.0671875
0 0.33046875 0.071875 0.03203125 0.05859375
0 0.3546875 0.10078125 0.046875 0.053125
0 0.39296875 0.15703125 0.034375 0.06171875
0 0.45625 0.19375 0.053125 0.0671875
0 0.46953125 0.11875 0.0328125 0.0453125
0 0.56171875 0.1765625 0.03046875 0.06171875
0 0.52890625 0.16484375 0.0359375 0.0484375
0 0.4859375 0.10625 0.03828125 0.053125
0 0.50625 0.08203125 0.03515625 0.040625
0 0.53984375 0.02734375 0.03125 0.0328125
0 0.67109375 0.07265625 0.0375 0.0578125
0 0.690625 0.128125 0.03515625 0.05390625
0 0.63828125 0.17265625 0.04375 0.065625
0 0.73359375 0.25703125 0.0421875 0.06171875
0 0.709375 0.3640625 0.05 0.053125
0 0.6609375 0.33125 0.040625 0.06875
0 0.63359375 0.3578125 0.034375 0.05625
0 0.61328125 0.32421875 0.05078125 0.0484375
0 0.58671875 0.403125 0.03984375 0.046875
0 0.5484375 0.38828125 0.0234375 0.07109375
0 0.571875 0.3546875 0.0578125 0.046875
0 0.52265625 0.4015625 0.034375 0.0625
0 0.4796875 0.4078125 0.034375 0.06640625
0 0.459375 0.37734375 0.0328125 0.075
0 0.41640625 0.35234375 0.03828125 0.06875
0 0.37578125 0.3546875 0.0421875 0.0578125
0 0.33671875 0.3453125 0.034375 0.0796875
0 0.309375 0.40078125 0.0328125 0.0671875
0 0.3 0.303125 0.03515625 0.04375
0 0.26875 0.278125 0.0328125 0.0515625
0 0.2859375 0.33671875 0.040625 0.0484375
0 0.275 0.365625 0.0390625 0.0484375
0 0.26875 0.4015625 0.04375 0.05078125
0 0.2765625 0.4625 0.0609375 0.05078125
0 0.21953125 0.41640625 0.02734375 0.05
0 0.18828125 0.40859375 0.0359375 0.06328125
0 0.209375 0.3703125 0.05390625 0.0328125
0 0.196875 0.34453125 0.04296875 0.0359375
0 0.22734375 0.31640625 0.03984375 0.0703125
0 0.18046875 0.2640625 0.025 0.04609375
0 0.134375 0.26640625 0.0671875 0.05859375
0 0.1375 0.353125 0.0296875 0.0796875
0 0.15546875 0.34453125 0.03203125 0.06953125
0 0.1 0.36796875 0.02734375 0.0578125
0 0.084375 0.41953125 0.053125 0.0671875
0 0.0640625 0.34453125 0.03515625 0.0609375
0 0.0875 0.31875 0.0234375 0.04765625
0 0.02265625 0.4125 0.03203125 0.06328125
0 0.140625 0.5046875 0.05625 0.0765625
0 0.14765625 0.03203125 0.0328125 0.03984375
0 0.39921875 0.4828125 0.053125 0.08515625
0 0.4078125 0.56171875 0.04296875 0.08125
0 0.52265625 0.46328125 0.0578125 0.07109375
0 0.503125 0.575 0.05 0.06953125
0 0.50703125 0.51484375 0.05078125 0.053125
0 0.465625 0.59296875 0.0375 0.08125
0 0.02265625 0.565625 0.0453125 0.08125
0 0.05546875 0.5734375 0.046875 0.06875
0 0.13984375 0.64921875 0.06171875 0.09296875
0 0.05 0.646875 0.06328125 0.0859375
0 0.83828125 0.49921875 0.03984375 0.071875
0 0.8265625 0.39140625 0.0421875 0.0484375
0 0.8484375 0.378125 0.04765625 0.05390625
0 0.85859375 0.4421875 0.034375 0.0375
0 0.88984375 0.47109375 0.040625 0.0828125
0 0.9328125 0.49375 0.03125 0.06640625
0 0.96953125 0.4984375 0.05078125 0.0703125
0 0.025 0.371875 0.05 0.046875
0 0.0609375 0.7359375 0.053125 0.0828125
0 0.01953125 0.7703125 0.0390625 0.0875
0 0.1828125 0.80078125 0.06171875 0.0859375
0 0.21875 0.71953125 0.05625 0.09375
0 0.28984375 0.70078125 0.05546875 0.10234375
0 0.2359375 0.6671875 0.059375 0.053125
0 0.35 0.71015625 0.04765625 0.075
0 0.38046875 0.70859375 0.05 0.08515625
0 0.4046875 0.696875 0.053125 0.08515625
0 0.43828125 0.671875 0.0515625 0.103125
0 0.3546875 0.81328125 0.0375 0.06953125
0 0.3390625 0.790625 0.05390625 0.07109375
0 0.0375 0.9234375 0.0484375 0.06953125
0 0.353125 0.92109375 0.06640625 0.07890625
0 0.3875 0.90234375 0.05078125 0.0609375
0 0.3671875 0.86328125 0.0796875 0.040625
0 0.46171875 0.86640625 0.059375 0.109375
0 0.5171875 0.75390625 0.0453125 0.06875
0 0.5515625 0.75234375 0.0375 0.06953125
0 0.57109375 0.80703125 0.06875 0.05
0 0.5875 0.8625 0.0515625 0.0734375
0 0.54609375 0.96171875 0.0453125 0.0765625
0 0.684375 0.8390625 0.07421875 0.10546875
0 0.9234375 0.9359375 0.0640625 0.128125
0 0.97890625 0.846875 0.0421875 0.090625
0 0.94140625 0.8296875 0.05078125 0.05546875
0 0.93046875 0.7921875 0.0546875 0.05859375
0 0.9765625 0.77421875 0.0375 0.065625
0 0.878125 0.7828125 0.0453125 0.06171875
0 0.85 0.7546875 0.0359375 0.0578125
0 0.81953125 0.721875 0.03046875 0.0546875
0 0.86015625 0.7140625 0.0421875 0.03984375
0 0.86640625 0.6734375 0.08203125 0.04609375